[1.1428571428571428, 4.0, 0.4453125, 0.0, 0.0, 0.0, 0.99, 0.559322033898305, 0.0]
[0, 0, 0, 0, 0, 1]
[1.1428571428571428, 4.0, 0.4453125, 0.0, 0.0, 0.0, 1.0, 0.4387755102040816, 0.0]
[0, 0, 0, 0, 0, 1]
[1.3333333333333333, 4.0, 0.4453125, 0.0, 0.0, 0, 0.94, 0.559322033898305, 0.0]
[0, 0, 0, 0, 0, 1]
[1.1428571428571428, 4.0, 0.4453125, 0.0, 0.0, 0.0, 0.71, 0.393939393939394, 0.0]
[0, 0, 0, 0, 0, 1]
[1.1428571428571428, 4.0, 0.4453125, 0.0, 0.0, 0.0, 0.71, 0.393939393939394, 0.0]
[0, 0, 0, 0, 0, 1]
[1.3333333333333333, 4.0, 0.4453125, 0.0, 0.0, 0, 0.54, 1.0, 0.0]
[1, 0, 0, 0, 0, 0]
[1.1428571428571428, 4.0, 0.4453125, 0.0, 0.0, 0.0, 0.56, 1.0, 0.0]
[0, 0, 0, 0, 0, 1]
[1.1428571428571428, 4.0, 0.4453125, 0.0, 0.0, 0.0, 0.45, 1.0, 0.0]
[0, 0, 0, 0, 0, 1]
[1.1428571428571428, 4.0, 0.4453125, 0.0, 0.0, 0.0, 0.43, 0.5, 0.0]
[0, 0, 0, 0, 0, 1]
[1.1428571428571428, 4.0, 0.4453125, 0.0, 0.0, 0.0, 0.34, 1.0, 0.0]
[0, 0, 0, 0, 0, 1]
[1.1428571428571428, 4.0, 0.4453125, 0.0, 0.0, 0.0, 0.84, 0.6976744186046512, 0.0]
[0, 0, 0, 0, 0, 1]
[1.1428571428571428, 4.0, 0.4453125, 0.0, 0.0, 0.0, 0.54, 1.0, 0.0]
[0, 0, 0, 0, 0, 1]
[1.3333333333333333, 4.0, 0.4453125, 0.0, 0.0, 0, 0.54, 1.0, 0.0]
[0, 0, 0, 0, 0, 1]
[1.1428571428571428, 4.0, 0.4453125, 0.0, 0.0, 0.0, 0.61, 1.0, 0.0]
[0, 0, 0, 0, 0, 1]
[1.1428571428571428, 4.0, 0.4453125, 0.0, 0.0, 0.0, 0.5, 1.0, 0.0]
[0, 0, 0, 0, 0, 1]
[1.3333333333333333, 4.0, 0.4453125, 0.0, 0.0, 0, 0.52, 1.0, 0.0]
[0, 0, 0, 0, 0, 1]
[1.1428571428571428, 4.0, 0.4453125, 0.0, 0.0, 0.0, 0.54, 1.0, 0.0]
[0, 0, 0, 0, 0, 1]
[1.1428571428571428, 4.0, 0.4453125, 0.0, 0.0, 0.0, 0.42, 1.0, 0.0]
[0, 0, 0, 0, 0, 1]
[1.1428571428571428, 4.0, 0.4453125, 0.0, 0.0, 0.0, 0.41, 1.0, 0.0]
[0, 0, 0, 0, 0, 1]
[1.1428571428571428, 4.0, 0.4453125, 0.0, 0.0, 0.0, 0.42, 1.0, 0.0]
[0, 0, 0, 0, 0, 1]
[1.1428571428571428, 4.0, 0.4453125, 0.0, 0.0, 0.0, 0.49, 1.0, 0.0]
[0, 0, 0, 0, 0, 1]
[1.1428571428571428, 4.0, 0.4453125, 0.0, 0.0, 0.0, 0.34, 1.0, 0.0]
[0, 0, 0, 0, 0, 1]
[1.3333333333333333, 4.0, 0.4453125, 0.0, 0.0, 0, 0.53, 1.0, 0.0]
[0, 0, 0, 0, 0, 1]
[1.1428571428571428, 4.0, 0.4453125, 0.0, 0.0, 0.0, 0.64, 0.7608695652173914, 0.0]
[0, 0, 0, 0, 0, 1]
[1.1428571428571428, 4.0, 0.4453125, 0.0, 0.0, 0.0, 0.57, 1.0, 0.0]
[0, 0, 0, 0, 0, 1]
[1.1428571428571428, 4.0, 0.4453125, 0.0, 0.0, 0.0, 0.46, 1.0, 0.0]
[0, 0, 0, 0, 0, 1]
[1.3333333333333333, 4.0, 0.4453125, 0.0, 0.0, 0, 0.42, 1.0, 0.0]
[0, 0, 0, 0, 0, 1]
[1.1428571428571428, 4.0, 0.4453125, 0.0, 0.0, 0.0, 0.44, 0.5, 0.0]
[0, 0, 0, 0, 0, 1]
[1.3333333333333333, 4.0, 0, 0.4453125, 0.0, 0.0, 0.88, 1.0, 0.0]
[0, 0, 0, 0, 0, 1]
[1.3333333333333333, 4.0, 0, 0.4453125, 0.0, 0.0, 0.47, 1.0, 0.0]
[0, 0, 0, 0, 0, 1]
[1.3333333333333333, 4.0, 0, 0.4453125, 0.0, 0.0, 0.52, 1.0, 0.0]
[0, 0, 0, 0, 0, 1]
[1.3333333333333333, 4.0, 0, 0.4453125, 0.0, 0.0, 0.54, 1.0, 0.0]
[0, 0, 0, 0, 0, 1]
[1.3333333333333333, 4.0, 0, 0.4453125, 0.0, 0.0, 0.44, 1.0, 0.0]
[0, 0, 0, 0, 0, 1]
[1.3333333333333333, 4.0, 0, 0.4453125, 0.0, 0.0, 0.28, 1.0, 0.0]
[0, 0, 0, 0, 0, 1]
[1.3333333333333333, 4.0, 0, 0.4453125, 0.0, 0.0, 0.55, 1.0, 0.0]
[0, 0, 0, 0, 0, 1]
[1.3333333333333333, 4.0, 0, 0.4453125, 0.0, 0.0, 0.54, 1.0, 0.0]
[0, 0, 0, 0, 0, 1]
[1.3333333333333333, 4.0, 0, 0.4453125, 0.0, 0.0, 0.43, 1.0, 0.0]
[0, 0, 0, 0, 0, 1]
[1.6, 4.0, 0, 0.4453125, 0.0, 0, 0.5, 1.0, 0.0]
[0, 0, 0, 0, 0, 1]
[1.3333333333333333, 4.0, 0, 0.4453125, 0.0, 0.0, 0.74, 0.393939393939394, 0.0]
[0, 0, 0, 0, 0, 1]
[1.3333333333333333, 4.0, 0, 0.4453125, 0.0, 0.0, 0.3, 1.0, 0.0]
[0, 0, 0, 0, 0, 1]
[1.3333333333333333, 4.0, 0, 0.4453125, 0.0, 0.0, 0.92, 0.16666666666666666, 0.0]
[0, 0, 0, 0, 0, 1]
[1.3333333333333333, 4.0, 0, 0.4453125, 0.0, 0.0, 0.29, 1.0, 0.0]
[0, 0, 0, 0, 0, 1]
[1.3333333333333333, 4.0, 0, 0.4453125, 0.0, 0.0, 0.32, 1.0, 0.0]
[0, 0, 0, 0, 0, 1]
[1.6, 4.0, 0, 0.4453125, 0.0, 0, 0.51, 1.0, 0.0]
[0, 0, 0, 0, 0, 1]
[1.3333333333333333, 4.0, 0, 0.4453125, 0.0, 0.0, 0.49, 0.5, 0.0]
[0, 0, 0, 0, 0, 1]
[1.6, 4.0, 0, 0.6979166666666666, 0.0, 0, 0.56, 0.5, 0.0]
[0, 0, 0, 0, 0, 1]
[1.3333333333333333, 4.0, 0, 0.6979166666666666, 0.0, 0.0, 0.22, 1.0, 0.0]
[0, 0, 0, 0, 0, 1]
[1.3333333333333333, 4.0, 0, 0.6979166666666666, 0.0, 0.0, 0.4, 1.0, 0.0]
[0, 0, 0, 0, 0, 1]
[1.3333333333333333, 4.0, 0, 0.6201923076923077, 0.0, 0.0, 0.54, 1.0, 0.0]
[0, 0, 0, 0, 0, 1]
[1.3333333333333333, 4.0, 0, 0.6201923076923077, 0.0, 0.0, 0.51, 1.0, 0.0]
[0, 0, 0, 0, 0, 1]
[1.3333333333333333, 4.0, 0, 0.6201923076923077, 0.0, 0.0, 0.48, 1.0, 0.0]
[0, 0, 0, 0, 0, 1]
[1.3333333333333333, 4.0, 0, 0.6201923076923077, 0.0, 0.0, 0.35, 1.0, 0.0]
[0, 0, 0, 0, 0, 1]
[1.3333333333333333, 4.0, 0, 0.6201923076923077, 0.0, 0.0, 0.48, 1.0, 0.0]
[0, 0, 0, 0, 0, 1]
[1.3333333333333333, 4.0, 0, 0.6201923076923077, 0.0, 0.0, 0.62, 1.0, 0.0]
[0, 0, 0, 0, 0, 1]
[1.3333333333333333, 4.0, 0, 0.6201923076923077, 0.0, 0.0, 0.55, 1.0, 0.0]
[0, 0, 0, 0, 0, 1]
[1.3333333333333333, 4.0, 0, 0.6201923076923077, 0.0, 0.0, 1.0, 0.16666666666666666, 0.0]
[0, 0, 0, 0, 0, 1]
[1.3333333333333333, 4.0, 0, 0.5535714285714286, 0.0, 0.0, 0.4, 1.0, 0.0]
[0, 0, 0, 0, 0, 1]
[1.6, 4.0, 0, 0.5535714285714286, 0.0, 0, 0.42, 1.0, 0.0]
[0, 0, 0, 0, 0, 1]
[1.3333333333333333, 4.0, 0, 0.5535714285714286, 0.0, 0.0, 0.38, 1.0, 0.0]
[0, 0, 0, 0, 0, 1]
[1.3333333333333333, 4.0, 0, 0.5535714285714286, 0.0, 0.0, 0.34, 1.0, 0.0]
[0, 0, 0, 0, 0, 1]
[1.3333333333333333, 4.0, 0, 0.5535714285714286, 0.0, 0.0, 0.56, 1.0, 0.0]
[0, 0, 0, 0, 0, 1]
[1.3333333333333333, 4.0, 0, 0.49583333333333335, 0.0, 0.0, 0.64, 0.393939393939394, 0.0]
[0, 0, 0, 0, 0, 1]
[1.3333333333333333, 4.0, 0, 0.49583333333333335, 0.0, 0.0, 0.38, 1.0, 0.0]
[0, 0, 0, 0, 0, 1]
[1.3333333333333333, 4.0, 0, 0.49583333333333335, 0.0, 0.0, 0.34, 1.0, 0.0]
[0, 0, 0, 0, 0, 1]
[1.3333333333333333, 4.0, 0, 0.49583333333333335, 0.0, 0.0, 0.71, 0.393939393939394, 0.0]
[0, 0, 0, 0, 0, 1]
[1.3333333333333333, 4.0, 0, 0.4453125, 0.0, 0.0, 0.4, 1.0, 0.0]
[0, 0, 0, 0, 0, 1]
[1.3333333333333333, 4.0, 0, 0.4453125, 0.0, 0.0, 0.36, 1.0, 0.0]
[0, 0, 0, 0, 0, 1]
[1.6, 4.0, 0, 0.4453125, 0.0, 0, 0.35, 1.0, 0.0]
[0, 0, 0, 0, 0, 1]
[1.3333333333333333, 4.0, 0, 0.4453125, 0.0, 0.0, 0.42, 1.0, 0.0]
[0, 0, 0, 0, 0, 1]
[1.3333333333333333, 4.0, 0, 0.4453125, 0.0, 0.0, 0.38, 1.0, 0.0]
[0, 0, 0, 0, 0, 1]
[1.3333333333333333, 4.0, 0, 0.4453125, 0.0, 0.0, 0.6, 1.0, 0.0]
[0, 0, 0, 0, 0, 1]
[1.3333333333333333, 4.0, 0, 0.4453125, 0.0, 0.0, 0.48, 0.5, 0.0]
[0, 0, 0, 0, 0, 1]
[1.6, 4.0, 0, 0.4453125, 0.0, 0, 0.46, 1.0, 0.0]
[0, 0, 0, 0, 0, 1]
[1.25, 4.0, 0, 1.0, 0, 0, 0.6, 1.0, 0.25]
[1, 0, 0, 0, 0, 0]
[1.3333333333333333, 4.0, 0, 0.4453125, 0.0, 0.0, 0.64, 0.782608695652174, 0.0]
[0, 0, 0, 0, 0, 1]
[1.6, 4.0, 0, 0.4453125, 0.0, 0, 0.97, 0.559322033898305, 0.0]
[0, 0, 0, 0, 0, 1]
[1.6, 4.0, 0, 0.4453125, 0.0, 0, 0.65, 0.393939393939394, 0.0]
[0, 0, 0, 0, 0, 1]
[1.3333333333333333, 4.0, 0, 0.4453125, 0.0, 0.0, 0.71, 0.393939393939394, 0.0]
[0, 0, 0, 0, 0, 1]
[1.3333333333333333, 4.0, 0, 0.4453125, 0.0, 0.0, 0.74, 0.393939393939394, 0.0]
[0, 0, 0, 0, 0, 1]
[1.1666666666666667, 4.0, 0, 0.30293159609120524, 0.0, 0, 0.49, 1.0, 0.0]
[0, 0, 0, 0, 0, 1]
[1.1666666666666667, 4.0, 0, 0.30293159609120524, 0.0, 0, 0.51, 1.0, 0.0]
[0, 0, 0, 0, 0, 1]
[1.1666666666666667, 4.0, 0, 0.30293159609120524, 0.0, 0, 0.72, 0.393939393939394, 0.0]
[0, 0, 0, 0, 0, 1]
[1.1666666666666667, 4.0, 0, 0.30293159609120524, 0.0, 0, 0.7, 0.393939393939394, 0.0]
[0, 0, 0, 0, 0, 1]
[1.1666666666666667, 4.0, 0, 0.25984251968503935, 0.0, 0, 0.77, 0.393939393939394, 0.0]
[0, 0, 0, 0, 0, 1]
[1.1666666666666667, 4.0, 0, 0.25984251968503935, 0.0, 0, 0.59, 1.0, 0.0]
[0, 0, 0, 0, 0, 1]
[1.1666666666666667, 4.0, 0, 0.25984251968503935, 0.0, 0, 0.48, 1.0, 0.0]
[0, 0, 0, 0, 0, 1]
[1.1666666666666667, 4.0, 0, 0.25984251968503935, 0.0, 0, 0.44, 1.0, 0.0]
[0, 0, 0, 0, 0, 1]
[1.1666666666666667, 4.0, 0, 0.25984251968503935, 0, 0.0, 0.58, 1.0, 0.0]
[0, 0, 0, 0, 0, 1]
[1.4, 4.0, 0, 0.25984251968503935, 0, 0, 0.55, 1.0, 0.0]
[0, 0, 0, 0, 0, 1]
[1.1666666666666667, 4.0, 0, 0.25984251968503935, 0.0, 0, 0.51, 1.0, 0.0]
[0, 0, 0, 0, 0, 1]
[1.1666666666666667, 4.0, 0, 0.25984251968503935, 0.0, 0, 0.49, 1.0, 0.0]
[0, 0, 0, 0, 0, 1]
[1.1666666666666667, 4.0, 0, 0.21951219512195122, 0.0, 0, 0.6, 0.5, 0.0]
[0, 0, 0, 0, 0, 1]
[1.1666666666666667, 4.0, 0, 0.21951219512195122, 0, 0.0, 0.65, 0.5, 0.0]
[0, 0, 0, 0, 0, 1]
[1.4, 4.0, 0, 0.21951219512195122, 0, 0, 0.6, 0.5, 0.0]
[0, 0, 0, 0, 0, 1]
[1.1666666666666667, 4.0, 0, 0.21951219512195122, 0.0, 0, 0.65, 1.0, 0.0]
[0, 0, 0, 0, 0, 1]
[1.1666666666666667, 4.0, 0, 0.21951219512195122, 0.0, 0, 0.58, 1.0, 0.0]
[0, 0, 0, 0, 0, 1]
[1.1666666666666667, 4.0, 0, 0.21951219512195122, 0.0, 0, 0.51, 1.0, 0.0]
[0, 0, 0, 0, 0, 1]
[1.1666666666666667, 4.0, 0, 0.21951219512195122, 0, 0.0, 0.51, 1.0, 0.0]
[0, 0, 0, 0, 0, 1]
[1.1666666666666667, 4.0, 0, 0.21951219512195122, 0, 0.0, 0.65, 0.5, 0.0]
[0, 0, 0, 0, 0, 1]
[1.4, 4.0, 0, 0.21951219512195122, 0, 0, 0.53, 1.0, 0.0]
[0, 1, 0, 0, 0, 0]
[1.0, 4.0, 0, 0, 0, 0, 0.67, 1.0, 0.3333333333333333]
[0, 0, 0, 0, 0, 1]
[1.0, 4.0, 0.21951219512195122, 0.0, 0.0, 0, 0.0, 1.1851851851851853, 0.0]
[0, 0, 0, 0, 0, 1]
[1.0, 4.0, 0.21951219512195122, 0.0, 0.0, 0, 0.08, 1.666666666666667, 0.0]
[0, 0, 0, 0, 0, 1]
[1.0, 4.0, 0.21951219512195122, 0.0, 0.0, 0, 0.48, 1.0, 0.0]
[0, 0, 0, 0, 0, 1]
[1.0, 4.0, 0.21951219512195122, 0.0, 0.0, 0, 0.56, 1.0, 0.0]
[0, 0, 0, 0, 0, 1]
[1.0, 4.0, 0.21951219512195122, 0.0, 0.0, 0, 0.34, 1.0, 0.0]
[0, 0, 0, 0, 0, 1]
[1.0, 4.0, 0.21951219512195122, 0.0, 0.0, 0, 0.5, 1.0, 0.0]
[0, 0, 0, 0, 0, 1]
[1.0, 4.0, 0.21951219512195122, 0.0, 0.0, 0, 0.53, 1.0, 0.0]
[0, 0, 0, 0, 0, 1]
[1.0, 4.0, 0.21951219512195122, 0.0, 0.0, 0, 0.49, 1.0, 0.0]
[0, 0, 0, 0, 0, 1]
[1.0, 4.0, 0.21951219512195122, 0.0, 0.0, 0, 0.46, 0.761904761904762, 0.0]
[0, 0, 0, 0, 0, 1]
[1.0, 4.0, 0.21951219512195122, 0.0, 0.0, 0, 0.08, 1.5517241379310345, 0.0]
[0, 0, 0, 0, 0, 1]
[1.0, 4.0, 0.21951219512195122, 0.0, 0.0, 0, 0.66, 1.0, 0.0]
[0, 0, 0, 0, 0, 1]
[1.0, 4.0, 0.21951219512195122, 0.0, 0.0, 0, 0.6, 1.0, 0.0]
[0, 0, 0, 0, 0, 1]
[1.1666666666666667, 4.0, 0.21951219512195122, 0.0, 0, 0, 0.74, 1.0, 0.0]
[0, 1, 0, 0, 0, 0]
[1.0, 4.0, 0.21951219512195122, 0.0, 0.0, 0, 0.94, 0.6829268292682926, 0.0]
[0, 0, 0, 0, 0, 1]
[1.0, 4.0, 0.21951219512195122, 0.0, 0.0, 0, 0.73, 1.0, 0.0]
[0, 0, 0, 0, 0, 1]
[1.0, 4.0, 0.21951219512195122, 0.0, 0.0, 0, 0.62, 1.0, 0.0]
[0, 0, 0, 0, 0, 1]
[1.0, 4.0, 0.21951219512195122, 0.0, 0.0, 0, 0.54, 1.0, 0.0]
[0, 0, 0, 0, 0, 1]
[1.0, 4.0, 0.21951219512195122, 0.0, 0, 0.0, 0.38, 1.0, 0.0]
[0, 0, 0, 0, 0, 1]
[1.0, 4.0, 0.21951219512195122, 0.0, 0, 0.0, 0.35, 1.0, 0.0]
[0, 0, 0, 0, 0, 1]
[1.1666666666666667, 4.0, 0.21951219512195122, 0.0, 0, 0, 0.43, 1.0, 0.0]
[0, 0, 0, 0, 0, 1]
[1.0, 4.0, 0.21951219512195122, 0.0, 0.0, 0, 0.55, 1.0, 0.0]
[0, 0, 0, 0, 0, 1]
[1.0, 4.0, 0.21951219512195122, 0.0, 0.0, 0, 0.53, 1.0, 0.0]
[0, 0, 0, 0, 0, 1]
[1.0, 4.0, 0.21951219512195122, 0.0, 0.0, 0, 0.53, 1.0, 0.0]
[0, 0, 0, 0, 0, 1]
[1.0, 4.0, 0.21951219512195122, 0.0, 0.0, 0, 0.83, 1.0, 0.0]
[0, 0, 0, 0, 0, 1]
[1.0, 4.0, 0.21951219512195122, 0.0, 0.0, 0, 0.56, 1.0, 0.0]
[0, 0, 0, 0, 0, 1]
[1.0, 4.0, 0.21951219512195122, 0.0, 0.0, 0, 0.52, 1.0, 0.0]
[0, 0, 0, 0, 0, 1]
[1.0, 4.0, 0.21951219512195122, 0.0, 0.0, 0, 0.52, 1.0, 0.0]
[0, 0, 0, 0, 0, 1]
[1.0, 4.0, 0.21951219512195122, 0.0, 0.0, 0, 0.85, 0.4347826086956522, 0.0]
[0, 0, 0, 0, 0, 1]
[1.0, 4.0, 0.21951219512195122, 0.0, 0.0, 0, 0.87, 0.4347826086956522, 0.0]
[0, 0, 0, 0, 0, 1]
[1.0, 4.0, 0.21951219512195122, 0.0, 0, 0.0, 0.88, 0.4347826086956522, 0.0]
[0, 0, 0, 0, 0, 1]
[1.1666666666666667, 4.0, 0.21951219512195122, 0.0, 0, 0, 0.96, 0.5094339622641509, 0.0]
[0, 0, 0, 0, 0, 1]
[1.0, 4.0, 0.21951219512195122, 0.0, 0.0, 0, 1.0, 0.5047619047619047, 0.0]
[0, 0, 0, 0, 0, 1]
[1.0, 4.0, 0.21951219512195122, 0.0, 0.0, 0, 1.0, 0.5047619047619047, 0.0]
[0, 0, 0, 0, 0, 1]
[1.0, 4.0, 0.21951219512195122, 0.0, 0.0, 0, 0.51, 0.4482758620689655, 0.0]
[0, 0, 0, 0, 0, 1]
[1.0, 4.0, 0.21951219512195122, 0.0, 0.0, 0, 0.97, 0.32499999999999996, 0.0]
[0, 0, 0, 0, 0, 1]
[1.0, 4.0, 0.21951219512195122, 0.0, 0.0, 0, 0.02, 1.4074074074074077, 0.0]
[0, 0, 0, 0, 0, 1]
[1.0, 4.0, 0.21951219512195122, 0.0, 0.0, 0, 0.75, 0.9047619047619049, 0.0]
[0, 0, 0, 0, 0, 1]
[1.0, 4.0, 0.21951219512195122, 0.0, 0.0, 0, 0.79, 0.6666666666666666, 0.0]
[0, 0, 0, 0, 0, 1]
[1.1428571428571428, 4.0, 0.4453125, 0.0, 0.0, 0.0, 0.38, 1.0, 0.0]
[0, 0, 0, 0, 0, 1]
[1.1428571428571428, 4.0, 0.4453125, 0.0, 0.0, 0.0, 0.32, 1.0, 0.0]
[0, 0, 0, 0, 0, 1]
[1.3333333333333333, 4.0, 0.4453125, 0.0, 0.0, 0, 0.59, 1.0, 0.0]
[0, 0, 0, 0, 0, 1]
[1.1428571428571428, 4.0, 0.4453125, 0.0, 0.0, 0.0, 0.38, 1.0, 0.0]
[0, 0, 0, 0, 0, 1]
[1.1428571428571428, 4.0, 0.4453125, 0.0, 0.0, 0.0, 0.42, 1.0, 0.0]
[0, 0, 0, 0, 0, 1]
[1.3333333333333333, 4.0, 0.4453125, 0.0, 0.0, 0, 0.41, 1.0, 0.0]
[0, 0, 0, 0, 0, 1]
[1.1428571428571428, 4.0, 0.4453125, 0.0, 0.0, 0.0, 0.51, 1.0, 0.0]
[0, 0, 0, 0, 0, 1]
[1.1428571428571428, 4.0, 0.4453125, 0.0, 0.0, 0.0, 0.51, 1.0, 0.0]
[0, 0, 0, 0, 0, 1]
[1.1428571428571428, 4.0, 0.4453125, 0.0, 0.0, 0.0, 0.89, 0.3714285714285714, 0.0]
[0, 0, 0, 0, 0, 1]
[1.3333333333333333, 4.0, 0.4453125, 0.0, 0.0, 0, 0.89, 0.3714285714285714, 0.0]
[0, 0, 0, 0, 0, 1]
[1.1428571428571428, 4.0, 0.4453125, 0.0, 0.0, 0.0, 0.59, 1.0, 0.0]
[0, 0, 0, 0, 0, 1]
[1.1428571428571428, 4.0, 0.4453125, 0.0, 0.0, 0.0, 0.5, 1.0, 0.0]
[0, 0, 0, 0, 0, 1]
[1.1428571428571428, 4.0, 0.4453125, 0.0, 0.0, 0.0, 0.52, 1.0, 0.0]
[0, 0, 0, 0, 0, 1]
[1.1428571428571428, 4.0, 0.4453125, 0.0, 0.0, 0.0, 0.59, 1.0, 0.0]
[0, 0, 0, 0, 0, 1]
[1.1428571428571428, 4.0, 0.4453125, 0.0, 0.0, 0.0, 0.39, 1.0, 0.0]
[0, 0, 0, 0, 0, 1]
[1.1428571428571428, 4.0, 0.4453125, 0.0, 0.0, 0.0, 0.36, 1.0, 0.0]
[0, 0, 0, 0, 0, 1]
[1.1428571428571428, 4.0, 0.4453125, 0.0, 0.0, 0.0, 0.43, 1.0, 0.0]
[0, 0, 0, 0, 0, 1]
[1.1428571428571428, 4.0, 0.4453125, 0.0, 0.0, 0.0, 0.52, 1.0, 0.0]
[0, 0, 0, 0, 0, 1]
[1.1428571428571428, 4.0, 0.4453125, 0.0, 0.0, 0.0, 0.74, 1.0, 0.0]
[0, 0, 0, 0, 0, 1]
[1.1428571428571428, 4.0, 0.4453125, 0.0, 0.0, 0.0, 0.48, 0.3714285714285714, 0.0]
[0, 0, 0, 0, 0, 1]
[1.1428571428571428, 4.0, 0.4453125, 0.0, 0.0, 0.0, 0.27, 1.0, 0.0]
[0, 0, 0, 0, 0, 1]
[1.1428571428571428, 4.0, 0.4453125, 0.0, 0.0, 0.0, 0.7, 0.8043478260869565, 0.0]
[0, 0, 0, 0, 0, 1]
[1.3333333333333333, 4.0, 0.4453125, 0.0, 0.0, 0, 0.65, 1.0, 0.0]
[0, 0, 0, 0, 0, 1]
[1.3333333333333333, 4.0, 0.4453125, 0.0, 0.0, 0, 0.86, 0.17105263157894737, 0.0]
[0, 0, 0, 0, 0, 1]
[1.1428571428571428, 4.0, 0.4453125, 0.0, 0.0, 0.0, 0.61, 0.393939393939394, 0.0]
[0, 0, 0, 0, 0, 1]
[1.1428571428571428, 4.0, 0.4453125, 0.0, 0.0, 0.0, 0.64, 1.0, 0.0]
[0, 0, 0, 0, 0, 1]
[1.1428571428571428, 4.0, 0.4453125, 0.0, 0.0, 0.0, 0.46, 1.0, 0.0]
[0, 0, 0, 0, 0, 1]
[1.1428571428571428, 4.0, 0.4453125, 0.0, 0.0, 0.0, 0.86, 1.0, 0.0]
[0, 0, 0, 0, 0, 1]
[1.1428571428571428, 4.0, 0.4453125, 0.0, 0.0, 0.0, 1.0, 0.17105263157894737, 0.0]
[0, 0, 0, 0, 0, 1]
[1.1428571428571428, 4.0, 0.4453125, 0.0, 0.0, 0.0, 1.0, 0.17105263157894737, 0.0]
[0, 0, 0, 0, 0, 1]
[1.3333333333333333, 4.0, 0.4453125, 0.0, 0.0, 0, 0.96, 0.17105263157894737, 0.0]
[0, 0, 0, 0, 0, 1]
[1.1428571428571428, 4.0, 0.4453125, 0.0, 0.0, 0.0, 0.34, 1.0, 0.0]
[0, 0, 0, 0, 0, 1]
[1.3333333333333333, 4.0, 0.4453125, 0.0, 0.0, 0, 0.61, 1.0, 0.0]
[1, 0, 0, 0, 0, 0]
[1.1428571428571428, 4.0, 0.4453125, 0.0, 0.0, 0.0, 0.29, 1.0, 0.0]
[0, 0, 0, 0, 0, 1]
[1.1428571428571428, 4.0, 0.4453125, 0.0, 0.0, 0.0, 0.91, 0.6829268292682926, 0.0]
[0, 0, 0, 0, 0, 1]
[1.1428571428571428, 4.0, 0.4453125, 0.0, 0.0, 0.0, 0.87, 0.6829268292682926, 0.0]
[0, 0, 0, 0, 0, 1]
[1.1428571428571428, 4.0, 0.4453125, 0.0, 0.0, 0.0, 0.76, 0.3714285714285714, 0.0]
[0, 0, 0, 0, 0, 1]
[1.6, 4.0, 0, 0.4453125, 0.0, 0, 0.57, 1.0, 0.0]
[1, 0, 0, 0, 0, 0]
[1.3333333333333333, 4.0, 0, 0.4453125, 0.0, 0.0, 0.36, 1.0, 0.0]
[0, 0, 0, 0, 0, 1]
[1.3333333333333333, 4.0, 0, 0.4453125, 0.0, 0.0, 0.76, 0.3714285714285714, 0.0]
[0, 0, 0, 0, 0, 1]
[1.3333333333333333, 4.0, 0, 0.4453125, 0.0, 0.0, 0.63, 1.0, 0.0]
[0, 0, 0, 0, 0, 1]
[1.3333333333333333, 4.0, 0, 0.4453125, 0.0, 0.0, 0.32, 1.0, 0.0]
[0, 0, 0, 0, 0, 1]
[1.3333333333333333, 4.0, 0, 0.4453125, 0.0, 0.0, 0.92, 0.6666666666666666, 0.0]
[0, 0, 0, 0, 0, 1]
[1.6, 4.0, 0, 0.4453125, 0.0, 0, 0.76, 1.0, 0.0]
[1, 0, 0, 0, 0, 0]
[1.3333333333333333, 4.0, 0, 0.4453125, 0.0, 0.0, 0.31, 1.0, 0.0]
[0, 0, 0, 0, 0, 1]
[1.3333333333333333, 4.0, 0, 0.4453125, 0.0, 0.0, 0.4, 1.0, 0.0]
[0, 0, 0, 0, 0, 1]
[1.3333333333333333, 4.0, 0, 0.4453125, 0.0, 0.0, 0.37, 1.0, 0.0]
[0, 0, 0, 0, 0, 1]
[1.6, 4.0, 0, 0.4453125, 0.0, 0, 0.72, 0.393939393939394, 0.0]
[0, 0, 0, 0, 0, 1]
[1.3333333333333333, 4.0, 0, 0.4453125, 0.0, 0.0, 0.57, 1.0, 0.0]
[0, 0, 0, 0, 0, 1]
[1.6, 4.0, 0, 0.4453125, 0.0, 0, 0.87, 0.28260869565217395, 0.0]
[0, 0, 0, 0, 0, 1]
[1.3333333333333333, 4.0, 0, 0.4453125, 0.0, 0.0, 0.73, 0.28260869565217395, 0.0]
[0, 0, 0, 0, 0, 1]
[2.0, 4.0, 0, 0.0582010582010582, 0.0582010582010582, 0, 0.61, 0.393939393939394, 0.0]
[0, 0, 0, 0, 0, 1]
[2.0, 4.0, 0, 0.0582010582010582, 0.0582010582010582, 0, 0.69, 0.393939393939394, 0.0]
[0, 0, 0, 0, 0, 1]
[2.0, 4.0, 0, 0.0582010582010582, 0.0582010582010582, 0, 0.59, 0.393939393939394, 0.0]
[0, 0, 0, 0, 0, 1]
[2.0, 4.0, 0, 0.0582010582010582, 0.0582010582010582, 0, 0.63, 0.393939393939394, 0.0]
[0, 0, 0, 0, 0, 1]
[2.0, 4.0, 0, 0.0582010582010582, 0.0582010582010582, 0, 0.86, 0.7391304347826088, 0.0]
[0, 0, 0, 0, 0, 1]
[2.0, 4.0, 0, 0.0582010582010582, 0.0582010582010582, 0, 1.0, 0.17567567567567566, 0.0]
[0, 0, 0, 0, 0, 1]
[2.0, 4.0, 0, 0.0582010582010582, 0.0582010582010582, 0, 0.72, 1.0, 0.0]
[0, 0, 0, 0, 0, 1]
[2.0, 4.0, 0, 0.005025125628140704, 0.005025125628140704, 0, 1.0, 0.16666666666666666, 0.0]
[0, 0, 0, 0, 0, 1]
[2.0, 4.0, 0, 0.005025125628140704, 0.005025125628140704, 0, 0.98, 0.17333333333333334, 0.0]
[0, 0, 0, 0, 0, 1]
[2.0, 4.0, 0, 0.005025125628140704, 0.005025125628140704, 0, 0.7, 0.393939393939394, 0.0]
[0, 0, 0, 0, 0, 1]
[2.0, 4.0, 0, 0.005025125628140704, 0.005025125628140704, 0, 0.7, 0.28260869565217395, 0.0]
[0, 0, 0, 0, 0, 1]
[1.6, 4.0, 0, 0.8875, 0.0, 0, 0.8, 0.393939393939394, 0.0]
[0, 0, 0, 0, 0, 1]
[1.3333333333333333, 4.0, 0, 0.8875, 0.0, 0.0, 0.79, 0.7111111111111111, 0.0]
[0, 0, 0, 0, 0, 1]
[1.3333333333333333, 4.0, 0, 0.8875, 0.0, 0.0, 0.69, 0.393939393939394, 0.0]
[0, 0, 0, 0, 0, 1]
[1.3333333333333333, 4.0, 0, 0.8875, 0.0, 0.0, 0.96, 0.17333333333333334, 0.0]
[0, 0, 0, 0, 0, 1]
[1.6, 4.0, 0, 0.8875, 0.0, 0, 0.75, 0.393939393939394, 0.0]
[0, 0, 0, 0, 0, 1]
[1.3333333333333333, 4.0, 0, 0.8875, 0.0, 0.0, 0.61, 0.28260869565217395, 0.0]
[0, 0, 0, 0, 0, 1]
[1.6, 4.0, 0, 0.8875, 0.0, 0, 0.77, 0.393939393939394, 0.0]
[0, 0, 0, 0, 0, 1]
[1.3333333333333333, 4.0, 0, 0.7840909090909091, 0.0, 0.0, 1.0, 0.45918367346938777, 0.0]
[0, 0, 0, 0, 0, 1]
[1.6, 4.0, 0, 0.7840909090909091, 0.0, 0, 0.89, 0.559322033898305, 0.0]
[0, 0, 0, 0, 0, 1]
[1.3333333333333333, 4.0, 0, 0.7840909090909091, 0.0, 0.0, 0.96, 0.17333333333333334, 0.0]
[0, 0, 0, 0, 0, 1]
[1.3333333333333333, 4.0, 0, 0.7840909090909091, 0.0, 0.0, 0.98, 0.17333333333333334, 0.0]
[0, 0, 0, 0, 0, 1]
[1.3333333333333333, 4.0, 0, 0.7840909090909091, 0.0, 0.0, 0.77, 1.0, 0.0]
[0, 0, 0, 0, 0, 1]
[1.3333333333333333, 4.0, 0, 0.7840909090909091, 0.0, 0.0, 0.65, 0.28260869565217395, 0.0]
[0, 0, 0, 0, 0, 1]
[1.3333333333333333, 4.0, 0, 0.7840909090909091, 0.0, 0.0, 0.81, 1.0, 0.0]
[0, 0, 0, 0, 0, 1]
[1.3333333333333333, 4.0, 0, 0.6979166666666666, 0.0, 0.0, 0.99, 0.17567567567567566, 0.0]
[0, 0, 0, 0, 0, 1]
[1.3333333333333333, 4.0, 0, 0.6979166666666666, 0.0, 0.0, 0.9, 0.6666666666666666, 0.0]
[0, 0, 0, 0, 0, 1]
[1.3333333333333333, 4.0, 0, 0.6979166666666666, 0.0, 0.0, 0.99, 0.17333333333333334, 0.0]
[0, 0, 0, 0, 0, 1]
[1.3333333333333333, 4.0, 0, 0.6979166666666666, 0.0, 0.0, 0.73, 0.393939393939394, 0.0]
[0, 0, 0, 0, 0, 1]
[1.3333333333333333, 4.0, 0, 0.6979166666666666, 0.0, 0.0, 0.85, 0.393939393939394, 0.0]
[0, 0, 0, 0, 0, 1]
[1.3333333333333333, 4.0, 0, 0.6979166666666666, 0.0, 0.0, 0.99, 0.17333333333333334, 0.0]
[0, 0, 0, 0, 0, 1]
[1.6, 4.0, 0, 0.6979166666666666, 0.0, 0, 0.81, 0.393939393939394, 0.0]
[0, 0, 0, 0, 0, 1]
[1.3333333333333333, 4.0, 0, 0.6979166666666666, 0.0, 0.0, 0.62, 0.7391304347826088, 0.0]
[0, 0, 0, 0, 0, 1]
[1.3333333333333333, 4.0, 0, 0.6979166666666666, 0.0, 0.0, 0.74, 0.7391304347826088, 0.0]
[0, 0, 0, 0, 0, 1]
[1.3333333333333333, 4.0, 0, 0.6979166666666666, 0.0, 0.0, 0.67, 0.393939393939394, 0.0]
[0, 0, 0, 0, 0, 1]
[1.5, 4.0, 0, 1.0, 0, 0, 0.82, 0.393939393939394, 0.3333333333333333]
[0, 0, 0, 0, 0, 1]
[1.3333333333333333, 4.0, 0, 0.6201923076923077, 0.0, 0.0, 0.03, 1.0303030303030303, 0.0]
[0, 0, 0, 0, 0, 1]
[1.3333333333333333, 4.0, 0, 0.6201923076923077, 0.0, 0.0, 0.02, 1.0303030303030303, 0.0]
[0, 0, 0, 0, 0, 1]
[1.3333333333333333, 4.0, 0, 0.6201923076923077, 0.0, 0.0, 0.99, 0.17333333333333334, 0.0]
[0, 0, 0, 0, 0, 1]
[1.3333333333333333, 4.0, 0, 0.6201923076923077, 0.0, 0.0, 0.56, 0.393939393939394, 0.0]
[0, 0, 0, 0, 0, 1]
[1.3333333333333333, 4.0, 0, 0.6201923076923077, 0.0, 0.0, 0.69, 0.28260869565217395, 0.0]
[0, 0, 0, 0, 0, 1]
[1.3333333333333333, 4.0, 0, 0.6201923076923077, 0.0, 0.0, 0.71, 0.393939393939394, 0.0]
[0, 0, 0, 0, 0, 1]
[1.3333333333333333, 4.0, 0, 0.6201923076923077, 0.0, 0.0, 0.18, 1.40625, 0.0]
[0, 0, 0, 0, 0, 1]
[1.3333333333333333, 4.0, 0, 0.6201923076923077, 0.0, 0.0, 0.98, 0.6060606060606061, 0.0]
[0, 0, 0, 0, 0, 1]
[1.3333333333333333, 4.0, 0, 0.5535714285714286, 0.0, 0.0, 0.9, 0.7111111111111111, 0.0]
[0, 0, 0, 0, 0, 1]
[1.3333333333333333, 4.0, 0, 0.5535714285714286, 0.0, 0.0, 0.73, 0.393939393939394, 0.0]
[0, 0, 0, 0, 0, 1]
[1.3333333333333333, 4.0, 0, 0.5535714285714286, 0.0, 0.0, 0.96, 0.45333333333333337, 0.0]
[0, 0, 0, 0, 0, 1]
[1.6, 4.0, 0, 0.5535714285714286, 0.0, 0, 0.99, 0.17333333333333334, 0.0]
[0, 0, 0, 0, 0, 1]
[1.3333333333333333, 4.0, 0, 0.5535714285714286, 0.0, 0.0, 1.0, 0.17105263157894737, 0.0]
[0, 0, 0, 0, 0, 1]
[1.3333333333333333, 4.0, 0, 0.5535714285714286, 0.0, 0.0, 0.61, 0.393939393939394, 0.0]
[0, 0, 0, 0, 0, 1]
[1.3333333333333333, 4.0, 0, 0.49583333333333335, 0.0, 0.0, 0.77, 0.7391304347826088, 0.0]
[0, 0, 0, 0, 0, 1]
[1.6, 4.0, 0, 0.49583333333333335, 0.0, 0, 0.81, 0.7391304347826088, 0.0]
[0, 0, 0, 0, 0, 1]
[1.3333333333333333, 4.0, 0, 0.49583333333333335, 0.0, 0.0, 0.88, 0.7111111111111111, 0.0]
[0, 0, 0, 0, 0, 1]
[1.3333333333333333, 4.0, 0, 0.49583333333333335, 0.0, 0.0, 0.55, 0.393939393939394, 0.0]
[0, 0, 0, 0, 0, 1]
[1.3333333333333333, 4.0, 0, 0.49583333333333335, 0.0, 0.0, 0.65, 0.28260869565217395, 0.0]
[0, 0, 0, 0, 0, 1]
[1.3333333333333333, 4.0, 0, 0.49583333333333335, 0.0, 0.0, 0.93, 0.17567567567567566, 0.0]
[0, 0, 0, 0, 0, 1]
[1.6, 4.0, 0, 0.49583333333333335, 0.0, 0, 0.7, 0.393939393939394, 0.0]
[0, 0, 0, 0, 0, 1]
[1.3333333333333333, 4.0, 0, 0.4453125, 0.0, 0.0, 0.85, 0.7111111111111111, 0.0]
[0, 0, 0, 0, 0, 1]
[1.3333333333333333, 4.0, 0, 0.4453125, 0.0, 0.0, 0.99, 0.43243243243243246, 0.0]
[0, 0, 0, 0, 0, 1]
[1.3333333333333333, 4.0, 0, 0.4453125, 0.0, 0.0, 0.83, 0.7111111111111111, 0.0]
[0, 0, 0, 0, 0, 1]
[1.3333333333333333, 4.0, 0, 0.4453125, 0.0, 0.0, 0.99, 0.17567567567567566, 0.0]
[0, 0, 0, 0, 0, 1]
[1.6, 4.0, 0, 0.4453125, 0.0, 0, 0.98, 0.17567567567567566, 0.0]
[0, 0, 0, 0, 0, 1]
[1.3333333333333333, 4.0, 0, 0.4453125, 0.0, 0.0, 0.97, 0.4189189189189189, 0.0]
[0, 0, 0, 0, 0, 1]
[1.25, 4.0, 0, 1.0, 0, 0, 0.76, 0.393939393939394, 0.25]
[0, 0, 0, 0, 0, 1]
[1.6, 4.0, 0, 0.4453125, 0.0, 0, 0.49, 1.0, 0.0]
[0, 0, 0, 0, 0, 1]
[1.3333333333333333, 4.0, 0, 0.4453125, 0.0, 0.0, 0.45, 1.0, 0.0]
[0, 0, 0, 0, 0, 1]
[1.3333333333333333, 4.0, 0, 0.4453125, 0.0, 0.0, 0.3, 1.0, 0.0]
[0, 0, 0, 0, 0, 1]
[1.6, 4.0, 0, 0.4453125, 0.0, 0, 0.59, 1.0, 0.0]
[0, 0, 0, 0, 0, 1]
[1.1666666666666667, 4.0, 0, 0.30293159609120524, 0.0, 0, 0.78, 1.0, 0.0]
[0, 0, 0, 0, 0, 1]
[1.1666666666666667, 4.0, 0, 0.30293159609120524, 0.0, 0, 0.63, 1.0, 0.0]
[0, 0, 0, 0, 0, 1]
[1.4, 4.0, 0, 0.30293159609120524, 0, 0, 0.61, 1.0, 0.0]
[0, 0, 0, 0, 0, 1]
[1.1666666666666667, 4.0, 0, 0.30293159609120524, 0.0, 0, 0.76, 1.0, 0.0]
[0, 0, 0, 0, 0, 1]
[1.1666666666666667, 4.0, 0, 0.30293159609120524, 0.0, 0, 0.79, 0.393939393939394, 0.0]
[0, 0, 0, 0, 0, 1]
[1.1666666666666667, 4.0, 0, 0.30293159609120524, 0.0, 0, 0.72, 0.393939393939394, 0.0]
[0, 0, 0, 0, 0, 1]
[1.1666666666666667, 4.0, 0, 0.25984251968503935, 0.0, 0, 0.65, 1.0, 0.0]
[0, 0, 0, 0, 0, 1]
[1.4, 4.0, 0, 0.25984251968503935, 0, 0, 0.69, 1.0, 0.0]
[0, 0, 0, 0, 0, 1]
[1.1666666666666667, 4.0, 0, 0.25984251968503935, 0.0, 0, 0.59, 1.0, 0.0]
[0, 0, 0, 0, 0, 1]
[1.1666666666666667, 4.0, 0, 0.25984251968503935, 0, 0.0, 0.8, 0.393939393939394, 0.0]
[0, 0, 0, 0, 0, 1]
[1.1666666666666667, 4.0, 0, 0.25984251968503935, 0, 0.0, 0.55, 1.0, 0.0]
[0, 0, 0, 0, 0, 1]
[1.4, 4.0, 0, 0.25984251968503935, 0, 0, 0.52, 1.0, 0.0]
[0, 0, 0, 0, 0, 1]
[1.1666666666666667, 4.0, 0, 0.25984251968503935, 0.0, 0, 0.8, 0.393939393939394, 0.0]
[0, 0, 0, 0, 0, 1]
[1.1666666666666667, 4.0, 0, 0.25984251968503935, 0.0, 0, 0.66, 1.0, 0.0]
[0, 0, 0, 0, 0, 1]
[1.1666666666666667, 4.0, 0, 0.25984251968503935, 0.0, 0, 0.55, 1.0, 0.0]
[0, 0, 0, 0, 0, 1]
[1.1666666666666667, 4.0, 0, 0.21951219512195122, 0.0, 0, 0.74, 0.3714285714285714, 0.0]
[0, 0, 0, 0, 0, 1]
[1.1666666666666667, 4.0, 0, 0.21951219512195122, 0.0, 0, 0.69, 0.3714285714285714, 0.0]
[0, 0, 0, 0, 0, 1]
[1.1666666666666667, 4.0, 0, 0.21951219512195122, 0.0, 0, 0.68, 1.0, 0.0]
[0, 0, 0, 0, 0, 1]
[1.1666666666666667, 4.0, 0, 0.21951219512195122, 0.0, 0, 0.68, 1.0, 0.0]
[0, 0, 0, 0, 0, 1]
[1.1666666666666667, 4.0, 0, 0.21951219512195122, 0, 0.0, 0.55, 1.0, 0.0]
[0, 0, 0, 0, 0, 1]
[1.1666666666666667, 4.0, 0, 0.21951219512195122, 0, 0.0, 0.66, 1.0, 0.0]
[0, 0, 0, 0, 0, 1]
[1.4, 4.0, 0, 0.21951219512195122, 0, 0, 0.6, 1.0, 0.0]
[0, 0, 0, 0, 0, 1]
[1.1666666666666667, 4.0, 0, 0.21951219512195122, 0.0, 0, 0.62, 1.0, 0.0]
[0, 0, 0, 0, 0, 1]
[1.0, 4.0, 0, 0, 0, 0, 0.74, 1.0, 0.3333333333333333]
[0, 0, 1, 0, 0, 0]
[1.0, 4.0, 0.21951219512195122, 0.0, 0.0, 0, 0.49, 1.0, 0.0]
[0, 0, 0, 0, 0, 1]
[1.0, 4.0, 0.21951219512195122, 0.0, 0.0, 0, 0.86, 0.6829268292682926, 0.0]
[0, 0, 0, 0, 0, 1]
[1.0, 4.0, 0.21951219512195122, 0.0, 0.0, 0, 0.86, 0.6829268292682926, 0.0]
[0, 0, 0, 0, 0, 1]
[1.0, 4.0, 0.21951219512195122, 0.0, 0.0, 0, 0.64, 1.0, 0.0]
[0, 0, 0, 0, 0, 1]
[1.0, 4.0, 0.21951219512195122, 0.0, 0.0, 0, 0.87, 0.6829268292682926, 0.0]
[0, 0, 0, 0, 0, 1]
[1.0, 4.0, 0.21951219512195122, 0.0, 0.0, 0, 0.83, 0.6829268292682926, 0.0]
[0, 0, 0, 0, 0, 1]
[1.0, 4.0, 0.21951219512195122, 0, 0.0, 0.0, 0.53, 1.0, 0.0]
[0, 0, 0, 0, 0, 1]
[1.0, 4.0, 0.21951219512195122, 0, 0.0, 0.0, 0.8, 1.0, 0.0]
[0, 0, 0, 0, 0, 1]
[1.0, 4.0, 0.21951219512195122, 0, 0.0, 0.0, 0.54, 1.0, 0.0]
[0, 0, 0, 0, 0, 1]
[1.0, 4.0, 0.21951219512195122, 0, 0.0, 0.0, 0.53, 1.0, 0.0]
[0, 0, 0, 0, 0, 1]
[1.1666666666666667, 4.0, 0.21951219512195122, 0, 0.0, 0, 0.6, 1.0, 0.0]
[0, 0, 0, 0, 0, 1]
[1.1666666666666667, 4.0, 0.21951219512195122, 0, 0, 0.0, 0.63, 1.0, 0.0]
[0, 0, 0, 0, 0, 1]
[1.1666666666666667, 4.0, 0.21951219512195122, 0, 0, 0.0, 0.72, 1.0, 0.0]
[0, 0, 0, 0, 0, 1]
[1.4, 4.0, 0.21951219512195122, 0, 0, 0, 0.59, 1.0, 0.0]
[1, 0, 0, 0, 0, 0]
[1.0, 4.0, 0.21951219512195122, 0.0, 0.0, 0, 0.42, 1.0, 0.0]
[0, 0, 0, 0, 0, 1]
[1.1666666666666667, 4.0, 0.21951219512195122, 0.0, 0, 0, 0.51, 1.0, 0.0]
[0, 1, 0, 0, 0, 0]
[1.0, 4.0, 0.21951219512195122, 0.0, 0.0, 0, 0.9, 0.3421052631578947, 0.0]
[0, 0, 0, 0, 0, 1]
[1.0, 4.0, 0.21951219512195122, 0.0, 0.0, 0, 0.92, 0.6976744186046512, 0.0]
[0, 0, 0, 0, 0, 1]
[1.0, 4.0, 0.21951219512195122, 0.0, 0.0, 0, 0.51, 1.0, 0.0]
[0, 0, 0, 0, 0, 1]
[1.0, 4.0, 0.21951219512195122, 0.0, 0.0, 0, 0.45, 1.0, 0.0]
[0, 0, 0, 0, 0, 1]
[1.0, 4.0, 0.21951219512195122, 0.0, 0.0, 0, 0.43, 1.0, 0.0]
[0, 0, 0, 0, 0, 1]
[1.0, 4.0, 0.21951219512195122, 0, 0.0, 0.0, 0.36, 0.393939393939394, 0.0]
[0, 0, 0, 0, 0, 1]
[1.0, 4.0, 0.21951219512195122, 0, 0.0, 0.0, 0.52, 1.0, 0.0]
[0, 0, 0, 0, 0, 1]
[1.0, 4.0, 0.21951219512195122, 0, 0.0, 0.0, 0.51, 1.0, 0.0]
[0, 0, 0, 0, 0, 1]
[1.0, 4.0, 0.21951219512195122, 0, 0.0, 0.0, 0.38, 1.0, 0.0]
[0, 0, 0, 0, 0, 1]
[1.1666666666666667, 4.0, 0.21951219512195122, 0, 0.0, 0, 0.63, 1.0, 0.0]
[0, 0, 0, 0, 0, 1]
[1.1666666666666667, 4.0, 0.21951219512195122, 0, 0, 0.0, 0.58, 1.0, 0.0]
[0, 0, 0, 0, 0, 1]
[1.1666666666666667, 4.0, 0.21951219512195122, 0, 0, 0.0, 0.54, 1.0, 0.0]
[0, 0, 0, 0, 0, 1]
[1.4, 4.0, 0.21951219512195122, 0, 0, 0, 0.59, 1.0, 0.0]
[1, 0, 0, 0, 0, 0]
[1.0, 4.0, 0.21951219512195122, 0.0, 0.0, 0, 0.4, 0.393939393939394, 0.0]
[0, 0, 0, 0, 0, 1]
[1.1666666666666667, 4.0, 0.21951219512195122, 0.0, 0, 0, 0.7, 0.393939393939394, 0.0]
[0, 0, 0, 0, 0, 1]
[1.0, 4.0, 0.21951219512195122, 0.0, 0.0, 0, 0.76, 0.393939393939394, 0.0]
[0, 0, 0, 0, 0, 1]
[1.0, 4.0, 0.21951219512195122, 0.0, 0.0, 0, 0.62, 1.0, 0.0]
[0, 0, 0, 0, 0, 1]
[1.0, 4.0, 0.21951219512195122, 0.0, 0.0, 0, 0.87, 0.74, 0.0]
[0, 0, 0, 0, 0, 1]
[1.0, 4.0, 0.21951219512195122, 0.0, 0.0, 0, 0.96, 0.4743589743589744, 0.0]
[0, 0, 0, 0, 0, 1]
[1.0, 4.0, 0.21951219512195122, 0.0, 0.0, 0, 0.98, 0.4743589743589744, 0.0]
[0, 0, 0, 0, 0, 1]
[1.0, 4.0, 0.21951219512195122, 0.0, 0.0, 0, 0.61, 1.0, 0.0]
[0, 0, 0, 0, 0, 1]
[1.0, 4.0, 0.21951219512195122, 0.0, 0.0, 0, 0.88, 0.8043478260869565, 0.0]
[0, 0, 0, 0, 0, 1]
[1.0, 4.0, 0.21951219512195122, 0.0, 0.0, 0, 0.55, 1.0, 0.0]
[0, 0, 0, 0, 0, 1]
[1.0, 4.0, 0.21951219512195122, 0.0, 0.0, 0, 0.93, 0.3421052631578947, 0.0]
[0, 0, 0, 0, 0, 1]
[1.0, 4.0, 0.21951219512195122, 0.0, 0.0, 0, 0.89, 0.3421052631578947, 0.0]
[0, 0, 0, 0, 0, 1]
[1.0, 4.0, 0.21951219512195122, 0.0, 0.0, 0, 0.98, 0.59375, 0.0]
[0, 0, 0, 0, 0, 1]
[1.0, 4.0, 0.21951219512195122, 0.0, 0.0, 0, 0.79, 0.393939393939394, 0.0]
[0, 0, 0, 0, 0, 1]
[1.0, 4.0, 0.21951219512195122, 0.0, 0.0, 0, 0.33, 1.0, 0.0]
[0, 0, 0, 0, 0, 1]
[1.0, 4.0, 0.21951219512195122, 0.0, 0.0, 0, 0.62, 0.393939393939394, 0.0]
[0, 0, 0, 0, 0, 1]
[1.0, 4.0, 0.21951219512195122, 0.0, 0.0, 0, 0.92, 0.6829268292682926, 0.0]
[0, 0, 0, 0, 0, 1]
[1.0, 4.0, 0.21951219512195122, 0.0, 0.0, 0, 0.97, 0.559322033898305, 0.0]
[0, 0, 0, 0, 0, 1]
[1.0, 4.0, 0.21951219512195122, 0.0, 0.0, 0, 0.0, 1.206896551724138, 0.0]
[0, 0, 0, 0, 0, 1]
[1.0, 4.0, 0.21951219512195122, 0.0, 0, 0.0, 0.02, 1.206896551724138, 0.0]
[0, 0, 0, 0, 0, 1]
[1.0, 4.0, 0.21951219512195122, 0.0, 0, 0.0, 0.9, 0.7291666666666666, 0.0]
[0, 0, 0, 0, 0, 1]
[1.1666666666666667, 4.0, 0.21951219512195122, 0.0, 0, 0, 0.71, 0.7291666666666666, 0.0]
[0, 0, 0, 0, 0, 1]
[1.0, 4.0, 0.21951219512195122, 0.0, 0.0, 0, 0.89, 0.3611111111111111, 0.0]
[0, 0, 0, 0, 0, 1]
[1.0, 4.0, 0.21951219512195122, 0.0, 0, 0.0, 0.58, 0.30952380952380953, 0.0]
[0, 0, 0, 0, 0, 1]
[1.0, 4.0, 0.21951219512195122, 0.0, 0, 0.0, 0.91, 0.30952380952380953, 0.0]
[0, 0, 0, 0, 0, 1]
[1.1666666666666667, 4.0, 0.21951219512195122, 0.0, 0, 0, 0.7, 0.30952380952380953, 0.0]
[0, 0, 0, 0, 0, 1]
[1.0, 4.0, 0.21951219512195122, 0.0, 0.0, 0, 0.95, 0.30952380952380953, 0.0]
[0, 0, 0, 0, 0, 1]
[1.0, 4.0, 0.21951219512195122, 0.0, 0.0, 0, 0.84, 0.3611111111111111, 0.0]
[0, 0, 0, 0, 0, 1]
[1.0, 4.0, 0.21951219512195122, 0.0, 0.0, 0, 0.66, 0.3611111111111111, 0.0]
[0, 0, 0, 0, 0, 1]
[1.0, 4.0, 0.21951219512195122, 0.0, 0, 0.0, 0.58, 0.3611111111111111, 0.0]
[0, 0, 0, 0, 0, 1]
[1.1666666666666667, 4.0, 0.21951219512195122, 0.0, 0, 0, 0.77, 0.3611111111111111, 0.0]
[0, 0, 0, 0, 0, 1]
[1.0, 4.0, 0.21951219512195122, 0.0, 0.0, 0, 0.52, 0.30952380952380953, 0.0]
[0, 0, 0, 0, 0, 1]
[1.0, 4.0, 0.21951219512195122, 0.0, 0.0, 0, 0.01, 1.0344827586206895, 0.0]
[0, 0, 0, 0, 0, 1]
[1.0, 4.0, 0.21951219512195122, 0.0, 0.0, 0, 0.85, 0.30952380952380953, 0.0]
[0, 0, 0, 0, 0, 1]
[1.0, 4.0, 0.21951219512195122, 0.0, 0, 0.0, 0.69, 0.30952380952380953, 0.0]
[0, 0, 0, 0, 0, 1]
[1.0, 4.0, 0.21951219512195122, 0.0, 0, 0.0, 0.79, 0.30952380952380953, 0.0]
[0, 0, 0, 0, 0, 1]
[1.1666666666666667, 4.0, 0.21951219512195122, 0.0, 0, 0, 0.73, 0.30952380952380953, 0.0]
[0, 0, 0, 0, 0, 1]
[1.0, 4.0, 0.21951219512195122, 0.0, 0.0, 0, 0.53, 0.7857142857142857, 0.0]
[0, 0, 0, 0, 0, 1]
[1.0, 4.0, 0.21951219512195122, 0.0, 0.0, 0, 0.75, 0.30952380952380953, 0.0]
[0, 0, 0, 0, 0, 1]
[1.0, 4.0, 0.21951219512195122, 0.0, 0.0, 0, 0.78, 0.5272727272727272, 0.0]
[0, 0, 0, 0, 0, 1]
[1.0, 4.0, 0.21951219512195122, 0.0, 0.0, 0, 0.52, 0.761904761904762, 0.0]
[0, 0, 0, 0, 0, 1]
[1.0, 4.0, 0.21951219512195122, 0.0, 0, 0.0, 0.45, 0.4482758620689655, 0.0]
[0, 0, 0, 0, 0, 1]
[1.0, 4.0, 0.21951219512195122, 0.0, 0, 0.0, 0.44, 0.4482758620689655, 0.0]
[0, 0, 0, 0, 0, 1]
[1.1666666666666667, 4.0, 0.21951219512195122, 0.0, 0, 0, 0.55, 0.4482758620689655, 0.0]
[1, 0, 0, 0, 0, 0]
[1.0, 4.0, 0.21951219512195122, 0.0, 0.0, 0, 0.79, 0.30952380952380953, 0.0]
[0, 0, 0, 0, 0, 1]
[1.0, 4.0, 0.21951219512195122, 0.0, 0.0, 0, 0.44, 0.4482758620689655, 0.0]
[0, 0, 0, 0, 0, 1]
[1.0, 4.0, 0.21951219512195122, 0.0, 0, 0.0, 0.44, 0.4482758620689655, 0.0]
[0, 0, 0, 0, 0, 1]
[1.1666666666666667, 4.0, 0.21951219512195122, 0.0, 0, 0, 0.45, 0.4482758620689655, 0.0]
[1, 0, 0, 0, 0, 0]
[1.0, 4.0, 0.21951219512195122, 0.0, 0.0, 0, 0.88, 1.0, 0.0]
[0, 0, 0, 0, 0, 1]
[1.0, 4.0, 0.21951219512195122, 0, 0.0, 0.0, 0.51, 0.4482758620689655, 0.0]
[0, 0, 0, 0, 0, 1]
[1.0, 4.0, 0.21951219512195122, 0, 0.0, 0.0, 0.45, 0.4482758620689655, 0.0]
[0, 0, 0, 0, 0, 1]
[1.0, 4.0, 0.21951219512195122, 0, 0.0, 0.0, 0.93, 0.5272727272727272, 0.0]
[0, 0, 0, 0, 0, 1]
[1.0, 4.0, 0.21951219512195122, 0, 0.0, 0.0, 0.35, 0.4482758620689655, 0.0]
[0, 0, 0, 0, 0, 1]
[1.0, 4.0, 0.21951219512195122, 0, 0.0, 0.0, 0.26, 0.4482758620689655, 0.0]
[0, 0, 0, 0, 0, 1]
[1.0, 4.0, 0.21951219512195122, 0, 0.0, 0.0, 0.98, 0.3846153846153846, 0.0]
[0, 0, 0, 0, 0, 1]
[1.0, 4.0, 0.21951219512195122, 0, 0.0, 0.0, 0.65, 0.7142857142857142, 0.0]
[0, 0, 0, 0, 0, 1]
[1.0, 4.0, 0.21951219512195122, 0, 0.0, 0.0, 0.1, 1.482758620689655, 0.0]
[0, 0, 0, 0, 0, 1]
[1.1666666666666667, 4.0, 0.21951219512195122, 0, 0.0, 0, 0.46, 0.4482758620689655, 0.0]
[0, 0, 0, 0, 0, 1]
[1.1666666666666667, 4.0, 0.21951219512195122, 0, 0.0, 0, 0.48, 0.4482758620689655, 0.0]
[0, 0, 0, 0, 0, 1]
[1.1666666666666667, 4.0, 0.21951219512195122, 0, 0, 0.0, 0.51, 0.4482758620689655, 0.0]
[0, 0, 0, 0, 0, 1]
[1.4, 4.0, 0.21951219512195122, 0, 0, 0, 0.58, 0.4482758620689655, 0.0]
[1, 0, 0, 0, 0, 0]
[1.0, 4.0, 0.21951219512195122, 0.0, 0.0, 0, 0.51, 1.0, 0.0]
[0, 0, 0, 0, 0, 1]
[1.0, 4.0, 0.21951219512195122, 0.0, 0.0, 0, 0.92, 0.6829268292682926, 0.0]
[0, 0, 0, 0, 0, 1]
[1.0, 4.0, 0.21951219512195122, 0.0, 0.0, 0, 0.94, 0.6829268292682926, 0.0]
[0, 0, 0, 0, 0, 1]
[1.0, 4.0, 0.21951219512195122, 0.0, 0.0, 0, 0.53, 1.0, 0.0]
[0, 0, 0, 0, 0, 1]
[1.0, 4.0, 0.21951219512195122, 0.0, 0.0, 0, 0.55, 1.0, 0.0]
[0, 0, 0, 0, 0, 1]
[1.0, 4.0, 0.21951219512195122, 0.0, 0.0, 0, 0.52, 1.0, 0.0]
[0, 0, 0, 0, 0, 1]
[1.0, 4.0, 0.21951219512195122, 0.0, 0.0, 0, 0.88, 0.6829268292682926, 0.0]
[0, 0, 0, 0, 0, 1]
[1.0, 4.0, 0.21951219512195122, 0.0, 0.0, 0, 0.56, 1.0, 0.0]
[0, 0, 0, 0, 0, 1]
[1.0, 4.0, 0.21951219512195122, 0.0, 0.0, 0, 0.1, 1.4642857142857144, 0.0]
[0, 0, 0, 0, 0, 1]
[1.0, 4.0, 0.21951219512195122, 0.0, 0.0, 0, 1.0, 0.4059405940594059, 0.0]
[0, 0, 0, 0, 0, 1]
[1.0, 4.0, 0.21951219512195122, 0.0, 0, 0.0, 0.9, 0.6829268292682926, 0.0]
[0, 0, 0, 0, 0, 1]
[1.1666666666666667, 4.0, 0.21951219512195122, 0.0, 0, 0, 0.81, 0.6829268292682926, 0.0]
[0, 0, 0, 0, 0, 1]
[1.0, 4.0, 0.21951219512195122, 0.0, 0.0, 0, 0.65, 0.9047619047619049, 0.0]
[0, 0, 0, 0, 0, 1]
[1.0, 4.0, 0.21951219512195122, 0.0, 0.0, 0, 0.57, 0.4482758620689655, 0.0]
[0, 0, 0, 0, 0, 1]
[1.0, 4.0, 0.21951219512195122, 0.0, 0, 0.0, 0.55, 0.4482758620689655, 0.0]
[0, 0, 0, 0, 0, 1]
[1.1666666666666667, 4.0, 0.21951219512195122, 0.0, 0, 0, 0.62, 0.4482758620689655, 0.0]
[0, 0, 0, 0, 0, 1]
[1.0, 4.0, 0.21951219512195122, 0.0, 0.0, 0, 0.46, 0.4482758620689655, 0.0]
[0, 0, 0, 0, 0, 1]
[1.0, 4.0, 0.21951219512195122, 0.0, 0.0, 0, 0.42, 0.4482758620689655, 0.0]
[0, 0, 0, 0, 0, 1]
[1.0, 4.0, 0.21951219512195122, 0.0, 0.0, 0, 0.53, 0.4482758620689655, 0.0]
[0, 0, 0, 0, 0, 1]
[1.0, 4.0, 0.21951219512195122, 0.0, 0.0, 0, 0.42, 0.4482758620689655, 0.0]
[0, 0, 0, 0, 0, 1]
[1.0, 4.0, 0.21951219512195122, 0.0, 0.0, 0, 0.44, 1.0, 0.0]
[0, 0, 0, 0, 0, 1]
[1.1666666666666667, 4.0, 0.21951219512195122, 0.0, 0, 0, 0.43, 1.0, 0.0]
[0, 0, 0, 0, 0, 1]
[1.0, 4.0, 0.21951219512195122, 0.0, 0.0, 0, 0.36, 0.4482758620689655, 0.0]
[0, 0, 0, 0, 0, 1]
[1.0, 4.0, 0.21951219512195122, 0.0, 0.0, 0, 0.52, 1.0, 0.0]
[0, 0, 0, 0, 0, 1]
[1.0, 4.0, 0.21951219512195122, 0.0, 0.0, 0, 0.37, 1.0, 0.0]
[0, 0, 0, 0, 0, 1]
[1.1666666666666667, 4.0, 0.21951219512195122, 0.0, 0, 0, 0.49, 1.0, 0.0]
[0, 0, 0, 0, 0, 1]
[1.0, 4.0, 0.21951219512195122, 0.0, 0.0, 0, 0.82, 0.6666666666666666, 0.0]
[0, 0, 0, 0, 0, 1]
[1.0, 4.0, 0.21951219512195122, 0.0, 0.0, 0, 0.62, 0.40625, 0.0]
[0, 0, 0, 0, 0, 1]
[1.0, 4.0, 0.21951219512195122, 0.0, 0.0, 0, 0.89, 0.32499999999999996, 0.0]
[0, 0, 0, 0, 0, 1]
[1.0, 4.0, 0.21951219512195122, 0.0, 0.0, 0, 0.86, 0.32499999999999996, 0.0]
[0, 0, 0, 0, 0, 1]
[1.0, 4.0, 0.21951219512195122, 0.0, 0.0, 0, 0.81, 0.32499999999999996, 0.0]
[0, 0, 0, 0, 0, 1]
[1.0, 4.0, 0.21951219512195122, 0.0, 0.0, 0, 0.91, 0.32499999999999996, 0.0]
[0, 0, 0, 0, 0, 1]
[1.0, 4.0, 0.21951219512195122, 0.0, 0.0, 0, 0.82, 0.6829268292682926, 0.0]
[0, 0, 0, 0, 0, 1]
[1.0, 4.0, 0.21951219512195122, 0.0, 0, 0.0, 0.51, 0.40625, 0.0]
[0, 0, 0, 0, 0, 1]
[1.1666666666666667, 4.0, 0.21951219512195122, 0.0, 0, 0, 0.56, 0.40625, 0.0]
[0, 0, 0, 0, 0, 1]
[1.0, 4.0, 0.21951219512195122, 0.0, 0.0, 0, 0.95, 0.32499999999999996, 0.0]
[0, 0, 0, 0, 0, 1]
[1.0, 4.0, 0.21951219512195122, 0.0, 0.0, 0, 0.26, 1.0, 0.0]
[0, 0, 0, 0, 0, 1]
[1.0, 4.0, 0.21951219512195122, 0.0, 0.0, 0, 0.55, 1.0, 0.0]
[0, 0, 0, 0, 0, 1]
[1.0, 4.0, 0.21951219512195122, 0.0, 0, 0.0, 0.36, 1.0, 0.0]
[0, 0, 0, 0, 0, 1]
[1.1666666666666667, 4.0, 0.21951219512195122, 0.0, 0, 0, 0.36, 1.0, 0.0]
[0, 0, 0, 0, 0, 1]
[1.0, 4.0, 0.21951219512195122, 0.0, 0.0, 0, 0.31, 1.0, 0.0]
[0, 0, 0, 0, 0, 1]
[1.0, 4.0, 0.21951219512195122, 0.0, 0.0, 0, 0.59, 0.48148148148148157, 0.0]
[0, 0, 0, 0, 0, 1]
[1.0, 4.0, 0.21951219512195122, 0.0, 0, 0.0, 0.27, 1.0, 0.0]
[0, 0, 0, 0, 0, 1]
[1.1666666666666667, 4.0, 0.21951219512195122, 0.0, 0, 0, 0.45, 1.0, 0.0]
[1, 0, 0, 0, 0, 0]
[1.0, 4.0, 0.21951219512195122, 0.0, 0.0, 0, 0.27, 1.0, 0.0]
[0, 0, 0, 0, 0, 1]
[1.0, 4.0, 0.21951219512195122, 0.0, 0.0, 0, 0.64, 0.40625, 0.0]
[0, 0, 0, 0, 0, 1]
[1.0, 4.0, 0.21951219512195122, 0.0, 0.0, 0, 0.68, 0.40625, 0.0]
[0, 0, 0, 0, 0, 1]
[1.0, 4.0, 0.21951219512195122, 0.0, 0.0, 0, 0.57, 0.7333333333333333, 0.0]
[0, 0, 0, 0, 0, 1]
[1.0, 4.0, 0.21951219512195122, 0.0, 0.0, 0, 0.69, 0.40625, 0.0]
[0, 0, 0, 0, 0, 1]
[1.0, 4.0, 0.21951219512195122, 0.0, 0.0, 0, 0.69, 0.8444444444444444, 0.0]
[0, 0, 0, 0, 0, 1]
[1.0, 4.0, 0.21951219512195122, 0.0, 0.0, 0, 0.64, 0.7499999999999999, 0.0]
[0, 0, 0, 0, 0, 1]
[1.0, 4.0, 0.21951219512195122, 0.0, 0.0, 0, 0.92, 0.4347826086956522, 0.0]
[0, 0, 0, 0, 0, 1]
[1.0, 4.0, 0.21951219512195122, 0.0, 0.0, 0, 0.95, 0.32499999999999996, 0.0]
[0, 0, 0, 0, 0, 1]
[1.0, 4.0, 0.21951219512195122, 0.0, 0.0, 0, 0.59, 0.7, 0.0]
[0, 0, 0, 0, 0, 1]
[1.0, 4.0, 0.21951219512195122, 0.0, 0.0, 0, 0.48, 1.0, 0.0]
[0, 0, 0, 0, 0, 1]
[1.0, 4.0, 0.21951219512195122, 0.0, 0.0, 0, 0.76, 1.0, 0.0]
[0, 0, 0, 0, 0, 1]
[1.0, 4.0, 0.21951219512195122, 0.0, 0.0, 0, 0.43, 1.0, 0.0]
[0, 0, 0, 0, 0, 1]
[1.0, 4.0, 0.21951219512195122, 0.0, 0.0, 0, 0.48, 1.0, 0.0]
[0, 0, 0, 0, 0, 1]
[1.0, 4.0, 0.21951219512195122, 0, 0.0, 0.0, 0.59, 1.0, 0.0]
[0, 0, 0, 0, 0, 1]
[1.0, 4.0, 0.21951219512195122, 0, 0.0, 0.0, 0.4, 1.0, 0.0]
[0, 0, 0, 0, 0, 1]
[1.0, 4.0, 0.21951219512195122, 0, 0.0, 0.0, 0.31, 1.0, 0.0]
[0, 0, 0, 0, 0, 1]
[1.0, 4.0, 0.21951219512195122, 0, 0.0, 0.0, 0.38, 0.40625, 0.0]
[0, 0, 0, 0, 0, 1]
[1.0, 4.0, 0.21951219512195122, 0, 0.0, 0.0, 0.41, 0.40625, 0.0]
[0, 0, 0, 0, 0, 1]
[1.0, 4.0, 0.21951219512195122, 0, 0.0, 0.0, 0.64, 0.40625, 0.0]
[0, 0, 0, 0, 0, 1]
[1.0, 4.0, 0.21951219512195122, 0, 0.0, 0.0, 0.22, 0.40625, 0.0]
[0, 0, 0, 0, 0, 1]
[1.1666666666666667, 4.0, 0.21951219512195122, 0, 0.0, 0, 0.53, 0.40625, 0.0]
[0, 0, 0, 0, 0, 1]
[1.0, 4.0, 0.21951219512195122, 0, 0.0, 0.0, 0.35, 1.0, 0.0]
[0, 0, 0, 0, 0, 1]
[1.1666666666666667, 4.0, 0.21951219512195122, 0, 0.0, 0, 0.43, 1.0, 0.0]
[0, 0, 0, 0, 0, 1]
[1.1666666666666667, 4.0, 0.21951219512195122, 0, 0.0, 0, 0.4, 1.0, 0.0]
[0, 0, 0, 0, 0, 1]
[1.1666666666666667, 4.0, 0.21951219512195122, 0, 0, 0.0, 0.52, 1.0, 0.0]
[0, 0, 0, 0, 0, 1]
[1.4, 4.0, 0.21951219512195122, 0, 0, 0, 0.49, 1.0, 0.0]
[0, 0, 1, 0, 0, 0]
[1.0, 4.0, 0.21951219512195122, 0.0, 0.0, 0, 0.58, 0.5, 0.0]
[0, 0, 0, 0, 0, 1]
[1.0, 4.0, 0.21951219512195122, 0.0, 0.0, 0, 0.48, 0.5, 0.0]
[0, 0, 0, 0, 0, 1]
[1.0, 4.0, 0.21951219512195122, 0.0, 0, 0.0, 0.7, 0.9743589743589745, 0.0]
[0, 0, 0, 0, 0, 1]
[1.1666666666666667, 4.0, 0.21951219512195122, 0.0, 0, 0, 0.53, 0.5, 0.0]
[0, 0, 0, 0, 0, 1]
[1.0, 4.0, 0.21951219512195122, 0.0, 0, 0.0, 0.51, 0.5, 0.0]
[0, 0, 0, 0, 0, 1]
[1.1666666666666667, 4.0, 0.21951219512195122, 0.0, 0, 0, 0.61, 0.5, 0.0]
[0, 1, 0, 0, 0, 0]
[1.0, 4.0, 0.21951219512195122, 0.0, 0.0, 0, 0.62, 0.9743589743589745, 0.0]
[0, 0, 0, 0, 0, 1]
[1.0, 4.0, 0.21951219512195122, 0.0, 0.0, 0, 0.96, 0.3333333333333333, 0.0]
[0, 0, 0, 0, 0, 1]
[1.0, 4.0, 0.21951219512195122, 0.0, 0, 0.0, 0.98, 0.5, 0.0]
[0, 0, 0, 0, 0, 1]
[1.0, 4.0, 0.21951219512195122, 0.0, 0, 0.0, 0.5, 0.5, 0.0]
[0, 0, 0, 0, 0, 1]
[1.1666666666666667, 4.0, 0.21951219512195122, 0.0, 0, 0, 0.54, 0.5, 0.0]
[0, 1, 0, 0, 0, 0]
[1.0, 4.0, 0.21951219512195122, 0.0, 0.0, 0, 0.61, 1.0, 0.0]
[0, 0, 0, 0, 0, 1]
[1.0, 4.0, 0.21951219512195122, 0.0, 0.0, 0, 0.98, 1.0, 0.0]
[0, 0, 0, 0, 0, 1]
[1.0, 4.0, 0.21951219512195122, 0.0, 0.0, 0, 0.65, 1.0, 0.0]
[0, 0, 0, 0, 0, 1]
[1.0, 4.0, 0.21951219512195122, 0.0, 0, 0.0, 0.63, 1.0, 0.0]
[0, 0, 0, 0, 0, 1]
[1.0, 4.0, 0.21951219512195122, 0.0, 0, 0.0, 0.7, 1.0, 0.0]
[0, 0, 0, 0, 0, 1]
[1.1666666666666667, 4.0, 0.21951219512195122, 0.0, 0, 0, 0.64, 1.0, 0.0]
[0, 0, 0, 0, 0, 1]
[1.0, 4.0, 0.21951219512195122, 0.0, 0.0, 0, 0.96, 0.5760869565217391, 0.0]
[0, 0, 0, 0, 0, 1]
[1.0, 4.0, 0.21951219512195122, 0.0, 0.0, 0, 0.96, 0.5760869565217391, 0.0]
[0, 0, 0, 0, 0, 1]
[1.0, 4.0, 0.21951219512195122, 0.0, 0, 0.0, 0.96, 0.5760869565217391, 0.0]
[0, 0, 0, 0, 0, 1]
[1.1666666666666667, 4.0, 0.21951219512195122, 0.0, 0, 0, 0.66, 1.0, 0.0]
[1, 0, 0, 0, 0, 0]
[1.0, 4.0, 0.21951219512195122, 0.0, 0.0, 0, 0.97, 0.5760869565217391, 0.0]
[0, 0, 0, 0, 0, 1]
[1.0, 4.0, 0.21951219512195122, 0, 0.0, 0.0, 0.63, 1.0, 0.0]
[0, 0, 0, 0, 0, 1]
[1.0, 4.0, 0.21951219512195122, 0, 0.0, 0.0, 0.69, 1.0, 0.0]
[0, 0, 0, 0, 0, 1]
[1.0, 4.0, 0.21951219512195122, 0, 0.0, 0.0, 0.93, 0.5760869565217391, 0.0]
[0, 0, 0, 0, 0, 1]
[1.4, 4.0, 0.21951219512195122, 0, 0, 0, 0.73, 1.0, 0.0]
[0, 0, 0, 0, 0, 1]
[1.0, 4.0, 0.21951219512195122, 0.0, 0, 0.0, 0.93, 0.6060606060606061, 0.0]
[0, 0, 0, 0, 0, 1]
[1.1666666666666667, 4.0, 0.21951219512195122, 0.0, 0, 0, 0.94, 0.6060606060606061, 0.0]
[0, 0, 0, 0, 0, 1]
[1.0, 4.0, 0.21951219512195122, 0.0, 0, 0.0, 0.57, 0.8717948717948718, 0.0]
[0, 0, 0, 0, 0, 1]
[1.1666666666666667, 4.0, 0.21951219512195122, 0.0, 0, 0, 0.62, 0.8717948717948718, 0.0]
[0, 0, 0, 0, 0, 1]
[1.0, 4.0, 0.21951219512195122, 0.0, 0.0, 0, 0.58, 0.8717948717948718, 0.0]
[0, 0, 0, 0, 0, 1]
[1.0, 4.0, 0.21951219512195122, 0.0, 0.0, 0, 0.61, 0.8717948717948718, 0.0]
[0, 0, 0, 0, 0, 1]
[1.0, 4.0, 0.21951219512195122, 0.0, 0.0, 0, 0.95, 0.4358974358974359, 0.0]
[0, 0, 0, 0, 0, 1]
[1.0, 4.0, 0.21951219512195122, 0.0, 0.0, 0, 0.71, 1.0, 0.0]
[0, 0, 0, 0, 0, 1]
[1.0, 4.0, 0.21951219512195122, 0, 0.0, 0.0, 0.43, 1.0, 0.0]
[0, 0, 0, 0, 0, 1]
[1.1666666666666667, 4.0, 0.21951219512195122, 0, 0.0, 0, 0.37, 1.0, 0.0]
[0, 0, 0, 0, 0, 1]
[1.1666666666666667, 4.0, 0.21951219512195122, 0, 0.0, 0, 0.56, 1.0, 0.0]
[0, 0, 0, 0, 0, 1]
[1.0, 4.0, 0.21951219512195122, 0, 0.0, 0.0, 0.41, 1.0, 0.0]
[0, 0, 0, 0, 0, 1]
[1.0, 4.0, 0.21951219512195122, 0, 0.0, 0.0, 0.38, 1.0, 0.0]
[0, 0, 0, 0, 0, 1]
[1.0, 4.0, 0.21951219512195122, 0, 0.0, 0.0, 0.23, 1.0, 0.0]
[0, 0, 0, 0, 0, 1]
[1.1666666666666667, 4.0, 0.21951219512195122, 0, 0.0, 0, 0.78, 0.16666666666666666, 0.0]
[0, 0, 0, 0, 0, 1]
[1.1666666666666667, 4.0, 0.21951219512195122, 0, 0, 0.0, 0.44, 1.0, 0.0]
[0, 0, 0, 0, 0, 1]
[1.4, 4.0, 0.21951219512195122, 0, 0, 0, 0.59, 1.0, 0.0]
[0, 1, 0, 0, 0, 0]
[1.0, 4.0, 0.21951219512195122, 0.0, 0.0, 0, 0.96, 0.5737704918032787, 0.0]
[0, 0, 0, 0, 0, 1]
[1.0, 4.0, 0.21951219512195122, 0.0, 0.0, 0, 0.98, 0.5737704918032787, 0.0]
[0, 0, 0, 0, 0, 1]
[1.0, 4.0, 0.21951219512195122, 0.0, 0.0, 0, 0.97, 0.5737704918032787, 0.0]
[0, 0, 0, 0, 0, 1]
[1.1666666666666667, 4.0, 0.21951219512195122, 0, 0.0, 0, 1.0, 0.5398230088495575, 0.0]
[0, 0, 0, 0, 0, 1]
[1.0, 4.0, 0.21951219512195122, 0, 0.0, 0.0, 0.99, 0.5737704918032787, 0.0]
[0, 0, 0, 0, 0, 1]
[1.0, 4.0, 0.21951219512195122, 0, 0.0, 0.0, 0.97, 0.5737704918032787, 0.0]
[0, 0, 0, 0, 0, 1]
[1.0, 4.0, 0.21951219512195122, 0, 0.0, 0.0, 1.0, 0.5737704918032787, 0.0]
[0, 0, 0, 0, 0, 1]
[1.0, 4.0, 0.21951219512195122, 0, 0.0, 0.0, 1.0, 0.5737704918032787, 0.0]
[0, 0, 0, 0, 0, 1]
[1.0, 4.0, 0.21951219512195122, 0, 0.0, 0.0, 1.0, 0.5398230088495575, 0.0]
[0, 0, 0, 0, 0, 1]
[1.0, 4.0, 0.21951219512195122, 0, 0.0, 0.0, 0.99, 0.5737704918032787, 0.0]
[0, 0, 0, 0, 0, 1]
[1.1666666666666667, 4.0, 0.21951219512195122, 0, 0.0, 0, 0.97, 0.5737704918032787, 0.0]
[0, 0, 0, 0, 0, 1]
[1.4, 4.0, 0.21951219512195122, 0, 0, 0, 0.96, 0.5737704918032787, 0.0]
[0, 0, 0, 0, 0, 1]
[1.0, 4.0, 0.21951219512195122, 0.0, 0, 0.0, 0.94, 0.3023255813953489, 0.0]
[0, 0, 0, 0, 0, 1]
[1.0, 4.0, 0.21951219512195122, 0.0, 0, 0.0, 0.57, 0.3023255813953489, 0.0]
[0, 0, 0, 0, 0, 1]
[1.1666666666666667, 4.0, 0.21951219512195122, 0.0, 0, 0, 0.78, 0.3023255813953489, 0.0]
[0, 0, 0, 0, 0, 1]
[1.0, 4.0, 0.21951219512195122, 0.0, 0.0, 0, 0.84, 0.6904761904761905, 0.0]
[0, 0, 0, 0, 0, 1]
[1.0, 4.0, 0.21951219512195122, 0.0, 0.0, 0, 0.89, 0.6904761904761905, 0.0]
[0, 0, 0, 0, 0, 1]
[1.0, 4.0, 0.21951219512195122, 0.0, 0.0, 0, 0.98, 0.18055555555555555, 0.0]
[0, 0, 0, 0, 0, 1]
[1.0, 4.0, 0.21951219512195122, 0.0, 0.0, 0, 0.94, 0.3023255813953489, 0.0]
[0, 0, 0, 0, 0, 1]
[1.0, 4.0, 0.21951219512195122, 0.0, 0.0, 0, 0.66, 0.41935483870967744, 0.0]
[0, 0, 0, 0, 0, 1]
[1.1666666666666667, 4.0, 0.21951219512195122, 0.0, 0, 0, 0.71, 0.41935483870967744, 0.0]
[0, 0, 0, 0, 0, 1]
[1.1666666666666667, 4.0, 0.21951219512195122, 0.0, 0, 0, 0.73, 0.41935483870967744, 0.0]
[1, 0, 0, 0, 0, 0]
[1.0, 4.0, 0.21951219512195122, 0.0, 0.0, 0, 0.69, 0.41935483870967744, 0.0]
[0, 0, 0, 0, 0, 1]
[1.0, 4.0, 0.21951219512195122, 0.0, 0.0, 0, 0.46, 1.0, 0.0]
[0, 0, 0, 0, 0, 1]
[1.0, 4.0, 0.21951219512195122, 0.0, 0.0, 0, 0.51, 0.43333333333333335, 0.0]
[0, 0, 0, 0, 0, 1]
[1.0, 4.0, 0.21951219512195122, 0.0, 0.0, 0, 0.59, 0.43333333333333335, 0.0]
[0, 0, 0, 0, 0, 1]
[1.0, 4.0, 0.21951219512195122, 0.0, 0, 0.0, 0.71, 0.43333333333333335, 0.0]
[0, 0, 0, 0, 0, 1]
[1.0, 4.0, 0.21951219512195122, 0.0, 0, 0.0, 0.61, 0.43333333333333335, 0.0]
[0, 0, 0, 0, 0, 1]
[1.1666666666666667, 4.0, 0.21951219512195122, 0.0, 0, 0, 0.76, 0.43333333333333335, 0.0]
[0, 0, 0, 0, 0, 1]
[1.0, 4.0, 0.21951219512195122, 0.0, 0.0, 0, 0.94, 0.18055555555555555, 0.0]
[0, 0, 0, 0, 0, 1]
[1.0, 4.0, 0.21951219512195122, 0.0, 0.0, 0, 0.45, 1.0, 0.0]
[0, 0, 0, 0, 0, 1]
[1.0, 4.0, 0.21951219512195122, 0.0, 0.0, 0, 0.36, 1.0, 0.0]
[0, 0, 0, 0, 0, 1]
[1.0, 4.0, 0.21951219512195122, 0.0, 0.0, 0, 0.28, 1.0, 0.0]
[0, 0, 0, 0, 0, 1]
[1.0, 4.0, 0.21951219512195122, 0.0, 0.0, 0, 0.96, 0.4027777777777778, 0.0]
[0, 0, 0, 0, 0, 1]
[1.0, 4.0, 0.21951219512195122, 0.0, 0.0, 0, 0.45, 0.43333333333333335, 0.0]
[0, 0, 0, 0, 0, 1]
[1.1666666666666667, 4.0, 0.21951219512195122, 0.0, 0, 0, 0.37, 1.0, 0.0]
[0, 0, 0, 0, 0, 1]
[1.0, 4.0, 0.21951219512195122, 0.0, 0.0, 0, 0.49, 0.43333333333333335, 0.0]
[0, 0, 0, 0, 0, 1]
[1.0, 4.0, 0.21951219512195122, 0.0, 0.0, 0, 0.97, 0.5357142857142857, 0.0]
[0, 0, 0, 0, 0, 1]
[1.0, 4.0, 0.21951219512195122, 0.0, 0.0, 0, 0.97, 0.18055555555555555, 0.0]
[0, 0, 0, 0, 0, 1]
[1.0, 4.0, 0.21951219512195122, 0.0, 0, 0.0, 0.62, 0.43333333333333335, 0.0]
[0, 0, 0, 0, 0, 1]
[1.1666666666666667, 4.0, 0.21951219512195122, 0.0, 0, 0, 0.64, 0.43333333333333335, 0.0]
[0, 0, 0, 0, 0, 1]
[1.0, 4.0, 0.21951219512195122, 0, 0.0, 0.0, 0.82, 1.0, 0.0]
[0, 0, 0, 0, 0, 1]
[1.0, 4.0, 0.21951219512195122, 0, 0.0, 0.0, 0.73, 0.8372093023255814, 0.0]
[0, 0, 0, 0, 0, 1]
[1.0, 4.0, 0.21951219512195122, 0, 0.0, 0.0, 0.57, 1.0, 0.0]
[0, 0, 0, 0, 0, 1]
[1.1666666666666667, 4.0, 0.21951219512195122, 0, 0.0, 0, 0.41, 1.0, 0.0]
[0, 0, 0, 0, 0, 1]
[1.0, 4.0, 0.21951219512195122, 0, 0.0, 0.0, 0.53, 0.41935483870967744, 0.0]
[0, 0, 0, 0, 0, 1]
[1.0, 4.0, 0.21951219512195122, 0, 0.0, 0.0, 0.47, 0.41935483870967744, 0.0]
[0, 0, 0, 0, 0, 1]
[1.1666666666666667, 4.0, 0.21951219512195122, 0, 0.0, 0, 0.65, 0.41935483870967744, 0.0]
[0, 0, 0, 0, 0, 1]
[1.1666666666666667, 4.0, 0.21951219512195122, 0, 0.0, 0, 0.63, 0.41935483870967744, 0.0]
[0, 0, 0, 0, 0, 1]
[1.1666666666666667, 4.0, 0.21951219512195122, 0, 0.0, 0, 0.75, 0.43333333333333335, 0.0]
[0, 0, 0, 0, 0, 1]
[1.1666666666666667, 4.0, 0.21951219512195122, 0, 0, 0.0, 0.52, 1.0, 0.0]
[0, 0, 0, 0, 0, 1]
[1.1666666666666667, 4.0, 0.21951219512195122, 0, 0, 0.0, 0.43, 1.0, 0.0]
[0, 0, 0, 0, 0, 1]
[1.4, 4.0, 0.21951219512195122, 0, 0, 0, 0.59, 1.0, 0.0]
[0, 0, 1, 0, 0, 0]
[1.1666666666666667, 4.0, 0.21951219512195122, 0.0, 0, 0, 0.83, 0.1857142857142857, 0.0]
[0, 0, 0, 0, 0, 1]
[1.0, 4.0, 0.21951219512195122, 0.0, 0.0, 0, 0.59, 0.4583333333333333, 0.0]
[0, 0, 0, 0, 0, 1]
[1.0, 4.0, 0.21951219512195122, 0.0, 0.0, 0, 0.82, 0.6904761904761905, 0.0]
[0, 0, 0, 0, 0, 1]
[1.0, 4.0, 0.21951219512195122, 0.0, 0.0, 0, 0.61, 1.0, 0.0]
[0, 0, 0, 0, 0, 1]
[1.0, 4.0, 0.21951219512195122, 0, 0.0, 0.0, 0.57, 0.43333333333333335, 0.0]
[0, 0, 0, 0, 0, 1]
[1.0, 4.0, 0.21951219512195122, 0, 0.0, 0.0, 0.45, 1.0, 0.0]
[0, 0, 0, 0, 0, 1]
[1.1666666666666667, 4.0, 0.21951219512195122, 0, 0.0, 0, 0.49, 1.0, 0.0]
[0, 0, 0, 0, 0, 1]
[1.0, 4.0, 0.21951219512195122, 0, 0.0, 0.0, 1.0, 1.0, 0.0]
[0, 0, 0, 0, 0, 1]
[1.0, 4.0, 0.21951219512195122, 0, 0.0, 0.0, 1.0, 1.0, 0.0]
[0, 0, 0, 0, 0, 1]
[1.0, 4.0, 0.21951219512195122, 0, 0.0, 0.0, 0.71, 0.1857142857142857, 0.0]
[0, 0, 0, 0, 0, 1]
[1.0, 4.0, 0.21951219512195122, 0, 0.0, 0.0, 0.77, 0.1857142857142857, 0.0]
[0, 0, 0, 0, 0, 1]
[1.1666666666666667, 4.0, 0.21951219512195122, 0, 0.0, 0, 0.85, 0.18055555555555555, 0.0]
[0, 0, 0, 0, 0, 1]
[1.1666666666666667, 4.0, 0.21951219512195122, 0, 0.0, 0, 0.69, 0.18055555555555555, 0.0]
[0, 0, 0, 0, 0, 1]
[1.1666666666666667, 4.0, 0.21951219512195122, 0, 0, 0.0, 0.55, 1.0, 0.0]
[0, 0, 0, 0, 0, 1]
[1.1666666666666667, 4.0, 0.21951219512195122, 0, 0, 0.0, 0.76, 0.18055555555555555, 0.0]
[0, 0, 0, 0, 0, 1]
[1.4, 4.0, 0.21951219512195122, 0, 0, 0, 0.61, 1.0, 0.0]
[0, 0, 0, 1, 0, 0]
[1.0, 4.0, 0.21951219512195122, 0.0, 0.0, 0, 0.41, 0.41935483870967744, 0.0]
[0, 0, 0, 0, 0, 1]
[1.0, 4.0, 0.21951219512195122, 0.0, 0.0, 0, 0.49, 1.0, 0.0]
[0, 0, 0, 0, 0, 1]
[1.0, 4.0, 0.21951219512195122, 0.0, 0.0, 0, 0.82, 0.17567567567567566, 0.0]
[0, 0, 0, 0, 0, 1]
[1.1428571428571428, 4.0, 0.4453125, 0.0, 0.0, 0.0, 0.47, 1.0, 0.0]
[0, 0, 0, 0, 0, 1]
[1.1428571428571428, 4.0, 0.4453125, 0.0, 0.0, 0.0, 0.62, 0.7317073170731707, 0.0]
[0, 0, 0, 0, 0, 1]
[1.1428571428571428, 4.0, 0.4453125, 0.0, 0.0, 0.0, 0.69, 0.3170731707317073, 0.0]
[0, 0, 0, 0, 0, 1]
[1.3333333333333333, 4.0, 0.4453125, 0.0, 0.0, 0, 0.68, 0.40625, 0.0]
[0, 0, 0, 0, 0, 1]
[1.1428571428571428, 4.0, 0.4453125, 0.0, 0.0, 0.0, 0.75, 0.7073170731707318, 0.0]
[0, 0, 0, 0, 0, 1]
[1.3333333333333333, 4.0, 0.4453125, 0.0, 0.0, 0, 0.59, 0.4642857142857143, 0.0]
[0, 0, 0, 0, 0, 1]
[1.1428571428571428, 4.0, 0.4453125, 0.0, 0.0, 0.0, 0.91, 0.6749999999999998, 0.0]
[0, 0, 0, 0, 0, 1]
[1.1428571428571428, 4.0, 0.4453125, 0.0, 0.0, 0.0, 0.83, 0.6749999999999998, 0.0]
[0, 0, 0, 0, 0, 1]
[1.1428571428571428, 4.0, 0.4453125, 0.0, 0.0, 0.0, 0.52, 0.4642857142857143, 0.0]
[0, 0, 0, 0, 0, 1]
[1.1428571428571428, 4.0, 0.4453125, 0.0, 0.0, 0.0, 0.64, 0.4642857142857143, 0.0]
[0, 0, 0, 0, 0, 1]
[1.1428571428571428, 4.0, 0.4453125, 0.0, 0.0, 0.0, 0.55, 1.0, 0.0]
[0, 0, 0, 0, 0, 1]
[1.1428571428571428, 4.0, 0.4453125, 0.0, 0.0, 0.0, 0.51, 1.0, 0.0]
[0, 0, 0, 0, 0, 1]
[1.1428571428571428, 4.0, 0.4453125, 0.0, 0.0, 0.0, 0.53, 1.0, 0.0]
[0, 0, 0, 0, 0, 1]
[1.1428571428571428, 4.0, 0.4453125, 0.0, 0.0, 0.0, 0.4, 1.0, 0.0]
[0, 0, 0, 0, 0, 1]
[1.3333333333333333, 4.0, 0.4453125, 0.0, 0.0, 0, 0.52, 1.0, 0.0]
[0, 0, 0, 0, 0, 1]
[1.1428571428571428, 4.0, 0.4453125, 0.0, 0.0, 0.0, 1.0, 0.16666666666666666, 0.0]
[0, 0, 0, 0, 0, 1]
[1.1428571428571428, 4.0, 0.4453125, 0.0, 0.0, 0.0, 1.0, 0.16666666666666666, 0.0]
[0, 0, 0, 0, 0, 1]
[1.1428571428571428, 4.0, 0.4453125, 0.0, 0.0, 0.0, 0.39, 1.0, 0.0]
[0, 0, 0, 0, 0, 1]
[1.1428571428571428, 4.0, 0.4453125, 0.0, 0.0, 0.0, 0.52, 1.0, 0.0]
[0, 0, 0, 0, 0, 1]
[1.1428571428571428, 4.0, 0.4453125, 0.0, 0.0, 0.0, 0.42, 1.0, 0.0]
[0, 0, 0, 0, 0, 1]
[1.1428571428571428, 4.0, 0.4453125, 0.0, 0.0, 0.0, 0.46, 1.0, 0.0]
[0, 0, 0, 0, 0, 1]
[1.1428571428571428, 4.0, 0.4453125, 0.0, 0.0, 0.0, 0.52, 1.0, 0.0]
[0, 0, 0, 0, 0, 1]
[1.1428571428571428, 4.0, 0.4453125, 0.0, 0.0, 0.0, 0.65, 1.0, 0.0]
[0, 0, 0, 0, 0, 1]
[1.1428571428571428, 4.0, 0.4453125, 0.0, 0.0, 0.0, 0.63, 1.0, 0.0]
[0, 0, 0, 0, 0, 1]
[1.1428571428571428, 4.0, 0.4453125, 0.0, 0.0, 0.0, 0.55, 1.0, 0.0]
[0, 0, 0, 0, 0, 1]
[1.1428571428571428, 4.0, 0.4453125, 0.0, 0.0, 0.0, 0.44, 1.0, 0.0]
[0, 0, 0, 0, 0, 1]
[1.3333333333333333, 4.0, 0, 0.4453125, 0.0, 0.0, 0.37, 1.0, 0.0]
[0, 0, 0, 0, 0, 1]
[1.3333333333333333, 4.0, 0, 0.4453125, 0.0, 0.0, 0.93, 0.18309859154929578, 0.0]
[0, 0, 0, 0, 0, 1]
[1.3333333333333333, 4.0, 0, 0.4453125, 0.0, 0.0, 0.28, 1.0, 0.0]
[0, 0, 0, 0, 0, 1]
[1.3333333333333333, 4.0, 0, 0.4453125, 0.0, 0.0, 0.4, 1.0, 0.0]
[0, 0, 0, 0, 0, 1]
[1.3333333333333333, 4.0, 0, 0.4453125, 0.0, 0.0, 0.54, 1.0, 0.0]
[0, 0, 0, 0, 0, 1]
[1.3333333333333333, 4.0, 0, 0.4453125, 0.0, 0.0, 0.55, 1.0, 0.0]
[0, 0, 0, 0, 0, 1]
[1.3333333333333333, 4.0, 0, 0.4453125, 0.0, 0.0, 0.42, 1.0, 0.0]
[0, 0, 0, 0, 0, 1]
[1.6, 4.0, 0, 0.4453125, 0.0, 0, 0.42, 1.0, 0.0]
[0, 0, 0, 0, 0, 1]
[1.3333333333333333, 4.0, 0, 0.4453125, 0.0, 0.0, 0.31, 1.0, 0.0]
[0, 0, 0, 0, 0, 1]
[1.3333333333333333, 4.0, 0, 0.4453125, 0.0, 0.0, 0.34, 1.0, 0.0]
[0, 0, 0, 0, 0, 1]
[1.3333333333333333, 4.0, 0, 0.4453125, 0.0, 0.0, 0.4, 1.0, 0.0]
[0, 0, 0, 0, 0, 1]
[1.3333333333333333, 4.0, 0, 0.4453125, 0.0, 0.0, 0.42, 1.0, 0.0]
[0, 0, 0, 0, 0, 1]
[1.3333333333333333, 4.0, 0, 0.4453125, 0.0, 0.0, 0.5, 0.4642857142857143, 0.0]
[0, 0, 0, 0, 0, 1]
[1.3333333333333333, 4.0, 0, 0.4453125, 0.0, 0.0, 0.56, 0.4642857142857143, 0.0]
[0, 0, 0, 0, 0, 1]
[1.3333333333333333, 4.0, 0, 0.4453125, 0.0, 0.0, 0.55, 0.40625, 0.0]
[0, 0, 0, 0, 0, 1]
[1.3333333333333333, 4.0, 0, 0.6979166666666666, 0.0, 0.0, 0.59, 0.4642857142857143, 0.0]
[0, 0, 0, 0, 0, 1]
[1.3333333333333333, 4.0, 0, 0.6979166666666666, 0.0, 0.0, 0.64, 1.0, 0.0]
[0, 0, 0, 0, 0, 1]
[1.3333333333333333, 4.0, 0, 0.6979166666666666, 0.0, 0.0, 0.3, 1.0, 0.0]
[0, 0, 0, 0, 0, 1]
[1.3333333333333333, 4.0, 0, 0.6979166666666666, 0.0, 0.0, 0.36, 1.0, 0.0]
[0, 0, 0, 0, 0, 1]
[1.6, 4.0, 0, 0.6979166666666666, 0.0, 0, 0.47, 1.0, 0.0]
[0, 0, 0, 0, 0, 1]
[1.6, 4.0, 0, 0.6979166666666666, 0.0, 0, 0.52, 1.0, 0.0]
[0, 0, 0, 0, 0, 1]
[1.6, 4.0, 0, 0.6201923076923077, 0.0, 0, 0.48, 1.0, 0.0]
[0, 0, 0, 0, 0, 1]
[1.3333333333333333, 4.0, 0, 0.6201923076923077, 0.0, 0.0, 0.82, 0.17333333333333334, 0.0]
[0, 0, 0, 0, 0, 1]
[1.6, 4.0, 0, 0.6201923076923077, 0.0, 0, 0.43, 1.0, 0.0]
[0, 0, 0, 0, 0, 1]
[1.3333333333333333, 4.0, 0, 0.6201923076923077, 0.0, 0.0, 0.49, 0.4642857142857143, 0.0]
[0, 0, 0, 0, 0, 1]
[1.3333333333333333, 4.0, 0, 0.6201923076923077, 0.0, 0.0, 0.64, 0.853658536585366, 0.0]
[0, 0, 0, 0, 0, 1]
[1.3333333333333333, 4.0, 0, 0.6201923076923077, 0.0, 0.0, 0.66, 0.8780487804878049, 0.0]
[0, 0, 0, 0, 0, 1]
[1.6, 4.0, 0, 0.5535714285714286, 0.0, 0, 0.51, 1.0, 0.0]
[0, 0, 0, 0, 0, 1]
[1.6, 4.0, 0, 0.5535714285714286, 0.0, 0, 0.45, 1.0, 0.0]
[0, 0, 0, 0, 0, 1]
[1.3333333333333333, 4.0, 0, 0.5535714285714286, 0.0, 0.0, 0.49, 1.0, 0.0]
[0, 0, 0, 0, 0, 1]
[1.3333333333333333, 4.0, 0, 0.5535714285714286, 0.0, 0.0, 0.45, 1.0, 0.0]
[0, 0, 0, 0, 0, 1]
[1.3333333333333333, 4.0, 0, 0.5535714285714286, 0.0, 0.0, 0.44, 0.4642857142857143, 0.0]
[0, 0, 0, 0, 0, 1]
[1.3333333333333333, 4.0, 0, 0.5535714285714286, 0.0, 0.0, 0.4, 1.0, 0.0]
[0, 0, 0, 0, 0, 1]
[1.3333333333333333, 4.0, 0, 0.49583333333333335, 0.0, 0.0, 0.52, 1.0, 0.0]
[0, 0, 0, 0, 0, 1]
[1.3333333333333333, 4.0, 0, 0.49583333333333335, 0.0, 0.0, 0.82, 1.0, 0.0]
[0, 0, 0, 0, 0, 1]
[1.3333333333333333, 4.0, 0, 0.49583333333333335, 0.0, 0.0, 0.49, 1.0, 0.0]
[0, 0, 0, 0, 0, 1]
[1.3333333333333333, 4.0, 0, 0.49583333333333335, 0.0, 0.0, 0.35, 1.0, 0.0]
[0, 0, 0, 0, 0, 1]
[1.3333333333333333, 4.0, 0, 0.49583333333333335, 0.0, 0.0, 0.55, 1.0, 0.0]
[0, 0, 0, 0, 0, 1]
[1.6, 4.0, 0, 0.49583333333333335, 0.0, 0, 0.52, 1.0, 0.0]
[0, 0, 0, 0, 0, 1]
[1.3333333333333333, 4.0, 0, 0.49583333333333335, 0.0, 0.0, 0.54, 1.0, 0.0]
[0, 0, 0, 0, 0, 1]
[1.3333333333333333, 4.0, 0, 0.49583333333333335, 0.0, 0.0, 0.42, 0.4642857142857143, 0.0]
[0, 0, 0, 0, 0, 1]
[1.6, 4.0, 0, 0.49583333333333335, 0.0, 0, 0.42, 1.0, 0.0]
[1, 0, 0, 0, 0, 0]
[1.3333333333333333, 4.0, 0, 0.49583333333333335, 0.0, 0.0, 0.49, 0.4642857142857143, 0.0]
[0, 0, 0, 0, 0, 1]
[1.3333333333333333, 4.0, 0, 0.49583333333333335, 0.0, 0.0, 0.51, 1.0, 0.0]
[0, 0, 0, 0, 0, 1]
[1.3333333333333333, 4.0, 0, 0.49583333333333335, 0.0, 0.0, 0.57, 1.0, 0.0]
[0, 0, 0, 0, 0, 1]
[1.6, 4.0, 0, 0.49583333333333335, 0.0, 0, 0.58, 1.0, 0.0]
[0, 0, 0, 0, 0, 1]
[1.3333333333333333, 4.0, 0, 0.4453125, 0.0, 0.0, 0.37, 1.0, 0.0]
[0, 0, 0, 0, 0, 1]
[1.3333333333333333, 4.0, 0, 0.4453125, 0.0, 0.0, 0.29, 1.0, 0.0]
[0, 0, 0, 0, 0, 1]
[1.3333333333333333, 4.0, 0, 0.4453125, 0.0, 0.0, 0.59, 1.0, 0.0]
[0, 0, 0, 0, 0, 1]
[1.3333333333333333, 4.0, 0, 0.4453125, 0.0, 0.0, 0.38, 1.0, 0.0]
[0, 0, 0, 0, 0, 1]
[1.3333333333333333, 4.0, 0, 0.4453125, 0.0, 0.0, 0.36, 1.0, 0.0]
[0, 0, 0, 0, 0, 1]
[1.6, 4.0, 0, 0.4453125, 0.0, 0, 0.44, 1.0, 0.0]
[0, 0, 0, 0, 0, 1]
[1.6, 4.0, 0, 0.4453125, 0.0, 0, 0.48, 0.4642857142857143, 0.0]
[0, 0, 0, 0, 0, 1]
[1.3333333333333333, 4.0, 0, 0.4453125, 0.0, 0.0, 0.39, 1.0, 0.0]
[0, 0, 0, 0, 0, 1]
[1.25, 4.0, 0, 1.0, 0, 0, 0.54, 1.0, 0.25]
[0, 0, 0, 0, 1, 0]
[1.3333333333333333, 4.0, 0, 0.4453125, 0.0, 0.0, 0.55, 1.0, 0.0]
[0, 0, 0, 0, 0, 1]
[1.6, 4.0, 0, 0.4453125, 0.0, 0, 0.66, 1.0, 0.0]
[1, 0, 0, 0, 0, 0]
[1.3333333333333333, 4.0, 0, 0.4453125, 0.0, 0.0, 0.97, 0.18309859154929578, 0.0]
[0, 0, 0, 0, 0, 1]
[1.3333333333333333, 4.0, 0, 0.4453125, 0.0, 0.0, 0.53, 1.0, 0.0]
[0, 0, 0, 0, 0, 1]
[1.3333333333333333, 4.0, 0, 0.4453125, 0.0, 0.0, 0.41, 0.4642857142857143, 0.0]
[0, 0, 0, 0, 0, 1]
[1.3333333333333333, 4.0, 0, 0.4453125, 0.0, 0.0, 0.49, 0.4642857142857143, 0.0]
[0, 0, 0, 0, 0, 1]
[1.1666666666666667, 4.0, 0, 0.30293159609120524, 0.0, 0, 0.54, 1.0, 0.0]
[0, 0, 0, 0, 0, 1]
[1.1666666666666667, 4.0, 0, 0.30293159609120524, 0, 0.0, 0.54, 1.0, 0.0]
[0, 0, 0, 0, 0, 1]
[1.4, 4.0, 0, 0.30293159609120524, 0, 0, 0.54, 1.0, 0.0]
[0, 0, 0, 0, 0, 1]
[1.1666666666666667, 4.0, 0, 0.30293159609120524, 0.0, 0, 0.54, 1.0, 0.0]
[0, 0, 0, 0, 0, 1]
[1.1666666666666667, 4.0, 0, 0.30293159609120524, 0.0, 0, 0.61, 1.0, 0.0]
[0, 0, 0, 0, 0, 1]
[1.1666666666666667, 4.0, 0, 0.30293159609120524, 0.0, 0, 0.53, 1.0, 0.0]
[0, 0, 0, 0, 0, 1]
[1.1666666666666667, 4.0, 0, 0.30293159609120524, 0.0, 0, 0.63, 1.0, 0.0]
[0, 0, 0, 0, 0, 1]
[1.1666666666666667, 4.0, 0, 0.30293159609120524, 0.0, 0, 0.68, 0.40625, 0.0]
[0, 0, 0, 0, 0, 1]
[1.1666666666666667, 4.0, 0, 0.30293159609120524, 0, 0.0, 0.64, 1.0, 0.0]
[0, 0, 0, 0, 0, 1]
[1.4, 4.0, 0, 0.30293159609120524, 0, 0, 0.64, 1.0, 0.0]
[0, 0, 0, 0, 0, 1]
[1.1666666666666667, 4.0, 0, 0.25984251968503935, 0.0, 0, 0.62, 1.0, 0.0]
[0, 0, 0, 0, 0, 1]
[1.1666666666666667, 4.0, 0, 0.25984251968503935, 0.0, 0, 0.52, 1.0, 0.0]
[0, 0, 0, 0, 0, 1]
[1.1666666666666667, 4.0, 0, 0.25984251968503935, 0.0, 0, 0.56, 1.0, 0.0]
[0, 0, 0, 0, 0, 1]
[1.1666666666666667, 4.0, 0, 0.25984251968503935, 0.0, 0, 0.55, 1.0, 0.0]
[0, 0, 0, 0, 0, 1]
[1.1666666666666667, 4.0, 0, 0.25984251968503935, 0.0, 0, 0.54, 1.0, 0.0]
[0, 0, 0, 0, 0, 1]
[1.4, 4.0, 0, 0.25984251968503935, 0, 0, 0.52, 1.0, 0.0]
[0, 0, 0, 0, 0, 1]
[1.1666666666666667, 4.0, 0, 0.21951219512195122, 0.0, 0, 0.69, 0.40625, 0.0]
[0, 0, 0, 0, 0, 1]
[1.1666666666666667, 4.0, 0, 0.21951219512195122, 0.0, 0, 0.83, 0.3170731707317073, 0.0]
[0, 0, 0, 0, 0, 1]
[1.1666666666666667, 4.0, 0, 0.21951219512195122, 0.0, 0, 0.55, 1.0, 0.0]
[0, 0, 0, 0, 0, 1]
[1.1666666666666667, 4.0, 0, 0.21951219512195122, 0.0, 0, 0.66, 1.0, 0.0]
[0, 0, 0, 0, 0, 1]
[1.1666666666666667, 4.0, 0, 0.21951219512195122, 0.0, 0, 0.69, 1.0, 0.0]
[0, 0, 0, 0, 0, 1]
[1.1666666666666667, 4.0, 0, 0.21951219512195122, 0.0, 0, 0.56, 1.0, 0.0]
[0, 0, 0, 0, 0, 1]
[1.0, 4.0, 0, 0, 0, 0, 0.59, 1.0, 0.3333333333333333]
[0, 0, 0, 1, 0, 0]
[1.0, 4.0, 0.21951219512195122, 0.0, 0.0, 0, 0.5, 1.0, 0.0]
[0, 0, 0, 0, 0, 1]
[1.0, 4.0, 0.21951219512195122, 0.0, 0, 0.0, 0.54, 1.0, 0.0]
[0, 0, 0, 0, 0, 1]
[1.1666666666666667, 4.0, 0.21951219512195122, 0.0, 0, 0, 0.56, 1.0, 0.0]
[0, 0, 0, 0, 0, 1]
[1.0, 4.0, 0.21951219512195122, 0.0, 0.0, 0, 0.32, 1.0, 0.0]
[0, 0, 0, 0, 0, 1]
[1.0, 4.0, 0.21951219512195122, 0.0, 0.0, 0, 0.39, 1.0, 0.0]
[0, 0, 0, 0, 0, 1]
[1.0, 4.0, 0.21951219512195122, 0.0, 0.0, 0, 0.47, 1.0, 0.0]
[0, 0, 0, 0, 0, 1]
[1.0, 4.0, 0.21951219512195122, 0.0, 0.0, 0, 0.48, 1.0, 0.0]
[0, 0, 0, 0, 0, 1]
[1.0, 4.0, 0.21951219512195122, 0.0, 0.0, 0, 0.33, 1.0, 0.0]
[0, 0, 0, 0, 0, 1]
[1.0, 4.0, 0.21951219512195122, 0.0, 0.0, 0, 0.47, 1.0, 0.0]
[0, 0, 0, 0, 0, 1]
[1.0, 4.0, 0.21951219512195122, 0, 0.0, 0.0, 0.61, 0.4482758620689655, 0.0]
[0, 0, 0, 0, 0, 1]
[1.0, 4.0, 0.21951219512195122, 0, 0.0, 0.0, 0.34, 1.0, 0.0]
[0, 0, 0, 0, 0, 1]
[1.0, 4.0, 0.21951219512195122, 0, 0.0, 0.0, 0.56, 0.4482758620689655, 0.0]
[0, 0, 0, 0, 0, 1]
[1.0, 4.0, 0.21951219512195122, 0, 0.0, 0.0, 0.51, 1.0, 0.0]
[0, 0, 0, 0, 0, 1]
[1.0, 4.0, 0.21951219512195122, 0, 0.0, 0.0, 0.51, 1.0, 0.0]
[0, 0, 0, 0, 0, 1]
[1.1666666666666667, 4.0, 0.21951219512195122, 0, 0.0, 0, 0.55, 1.0, 0.0]
[0, 0, 0, 0, 0, 1]
[1.0, 4.0, 0.21951219512195122, 0, 0.0, 0.0, 0.38, 1.0, 0.0]
[0, 0, 0, 0, 0, 1]
[1.0, 4.0, 0.21951219512195122, 0, 0.0, 0.0, 0.35, 1.0, 0.0]
[0, 0, 0, 0, 0, 1]
